1000 9903
418 370
937 642
526 620
87 346
74 919
381 633
474 141
540 600
191 232
251 85
413 318
825 166
402 49
312 241
209 569
184 678
964 703
328 751
205 964
829 743
986 770
127 460
143 363
626 285
882 883
723 717
481 714
635 41
265 729
393 492
531 210
828 12
164 425
891 327
666 567
425 899
482 212
856 473
675 831
479 874
246 905
900 372
316 83
362 374
549 939
933 460
581 474
339 931
212 147
253 633
236 361
932 895
202 425
573 166
421 649
560 715
10 740
488 694
876 281
328 287
996 854
614 493
234 904
550 553
864 288
331 869
27 556
525 485
193 836
459 246
664 631
646 571
499 116
7 503
500 987
854 830
260 493
736 89
590 868
883 523
816 225
580 346
29 716
233 49
965 256
859 773
616 861
807 477
385 308
613 286
443 506
319 135
341 699
12 621
400 797
879 447
186 328
171 890
634 842
416 477
698 495
223 584
133 848
685 675
237 796
440 66
242 114
388 802
461 468
815 645
707 4
747 775
768 128
848 94
977 894
996 46
545 82
285 855
358 823
674 901
282 719
621 472
276 330
731 696
881 107
35 123
613 692
100 985
526 789
143 335
169 192
758 258
960 757
852 963
835 535
490 524
593 601
359 290
269 54
435 306
57 740
352 724
761 376
895 205
587 148
130 463
774 940
98 443
671 572
467 114
152 908
442 444
727 885
359 145
419 68
183 999
535 114
265 659
64 277
952 142
748 327
865 101
921 187
334 480
797 792
27 520
339 266
33 587
515 271
811 740
945 958
376 773
822 484
590 832
920 364
295 348
449 980
471 127
399 450
368 772
556 199
410 709
674 406
342 264
159 450
841 703
807 342
354 730
778 168
941 652
390 146
176 266
401 619
507 896
310 965
849 117
760 696
599 248
48 724
674 120
972 885
938 293
242 150
498 236
100 8
281 882
639 997
507 247
881 390
38 283
565 228
894 880
790 715
877 354
4 84
887 25
752 260
695 918
151 884
890 158
361 836
363 242
97 962
771 967
853 507
198 192
18 858
738 77
478 336
705 188
709 732
180 726
666 257
736 724
841 317
964 140
2 153
937 821
295 828
631 600
101 765
67 933
103 35
486 937
111 564
883 519
679 966
258 446
654 512
14 867
842 288
609 43
281 240
245 687
767 878
117 1000
328 53
190 561
701 69
851 323
979 886
395 473
162 420
789 249
958 640
595 838
565 610
744 432
427 985
216 852
316 539
52 506
346 219
57 420
275 349
100 462
411 621
786 563
294 453
492 528
347 319
96 637
333 320
299 432
211 796
587 933
878 164
237 228
74 963
8 301
852 694
246 717
337 551
161 273
56 57
518 311
189 355
66 238
854 127
855 914
895 577
436 268
863 487
355 212
850 493
377 364
491 276
540 57
45 781
105 974
549 805
325 66
644 15
539 243
596 256
635 362
322 601
802 648
787 725
865 481
575 614
616 621
266 708
782 772
271 914
272 61
386 45
957 290
26 196
101 640
266 599
80 37
987 675
273 421
607 422
644 700
358 128
126 188
805 975
755 556
352 105
215 510
606 757
645 935
851 238
944 316
712 808
569 929
383 565
721 686
884 110
116 144
963 377
546 435
736 45
538 799
522 440
360 337
983 219
909 724
470 778
290 100
129 802
342 304
253 363
897 293
419 57
868 792
742 817
911 268
824 414
272 837
994 978
152 283
816 770
485 441
900 796
108 548
843 731
271 18
311 800
591 677
668 390
523 397
411 663
543 582
358 776
164 869
825 165
590 487
78 699
448 519
363 527
576 668
543 911
722 886
912 766
950 878
865 690
705 937
597 235
251 291
588 930
834 382
946 356
585 700
655 380
951 981
882 594
630 156
321 47
396 148
456 631
499 571
151 386
745 823
616 585
466 336
866 424
788 869
71 427
594 596
903 628
830 556
317 999
836 553
528 362
322 863
92 297
681 284
995 636
373 304
84 837
135 172
46 505
491 602
956 480
261 726
867 775
979 833
908 323
766 27
894 44
201 449
419 278
776 981
11 64
487 639
717 350
827 482
812 118
875 542
290 392
937 963
202 844
828 904
236 910
617 107
963 115
911 499
989 699
369 274
613 255
261 170
933 760
842 911
406 872
726 835
962 344
543 661
358 933
731 413
310 536
872 85
321 241
288 345
472 835
210 326
682 218
744 943
243 232
360 920
783 120
588 224
40 534
882 773
645 103
942 987
84 455
32 106
491 335
19 340
494 566
958 321
334 908
549 876
914 155
421 505
524 606
819 839
1 703
937 91
282 128
544 211
249 83
269 902
877 433
37 186
903 715
727 903
782 764
126 282
842 43
952 743
702 604
224 270
315 185
49 373
966 504
658 969
698 618
555 943
828 505
511 28
11 817
504 93
490 80
163 74
809 476
244 103
103 284
421 799
967 680
489 41
957 814
172 42
798 370
638 77
811 901
816 29
335 543
627 109
419 528
202 864
223 542
264 559
987 117
973 58
538 617
797 460
547 765
650 254
155 564
411 686
802 277
342 90
272 843
679 121
501 555
872 177
185 94
14 232
968 612
440 189
223 210
519 193
181 68
268 595
179 344
184 322
916 627
114 703
209 657
251 378
17 486
700 573
882 696
215 201
904 42
445 406
910 192
498 200
353 319
451 854
982 726
539 821
888 547
857 872
568 757
74 66
884 599
207 162
689 615
321 571
88 346
879 860
205 606
568 544
112 352
184 877
405 331
577 746
562 126
211 20
795 642
358 229
508 722
366 709
700 208
629 54
741 940
513 435
616 783
328 167
202 704
974 866
757 60
82 106
68 169
932 306
968 486
253 100
456 218
276 429
902 297
611 529
855 267
125 42
432 475
353 993
168 893
584 37
968 196
287 636
203 625
703 804
302 903
546 225
655 897
589 189
871 707
674 157
20 383
39 45
96 749
352 2
907 513
892 65
214 61
644 436
778 318
119 112
566 390
199 184
442 991
938 56
728 492
484 674
740 496
735 171
189 211
597 214
28 87
715 183
345 19
290 854
240 21
352 959
886 188
388 319
339 683
587 113
293 230
55 72
169 424
245 655
291 925
918 362
740 544
743 451
1000 973
707 387
642 360
603 533
298 341
188 226
202 553
379 645
880 818
164 75
58 722
277 308
244 185
601 852
961 599
600 145
451 481
348 111
19 953
157 655
106 201
556 475
421 838
723 58
617 707
138 332
787 235
413 982
675 447
475 133
10 258
284 933
525 673
340 985
950 150
788 373
449 915
607 906
102 710
506 983
323 247
683 279
201 556
372 584
543 291
709 564
219 471
220 516
906 826
29 42
565 904
806 418
845 392
139 847
497 26
8 379
595 673
725 722
172 566
697 113
310 684
630 721
812 800
137 170
191 379
907 954
982 82
969 785
881 77
455 54
441 540
761 663
446 271
847 961
632 888
282 907
483 551
675 848
126 690
17 430
751 625
896 209
369 915
410 755
675 801
112 123
256 933
1000 922
658 151
793 607
374 495
79 830
300 569
623 905
573 164
562 439
600 254
213 565
878 825
19 868
791 194
64 267
211 460
508 538
344 555
770 91
639 348
150 185
478 730
851 28
513 507
861 395
257 37
472 328
427 757
745 370
361 121
15 922
241 659
104 661
629 342
682 756
537 15
104 804
837 708
361 155
517 710
149 322
647 71
725 803
644 853
200 71
110 233
312 288
132 511
578 583
100 391
432 585
766 593
111 257
321 327
105 440
877 842
256 470
198 542
458 443
156 38
564 219
855 996
683 409
532 313
645 102
977 542
763 13
469 138
696 194
365 297
493 756
44 982
944 669
523 743
283 90
341 320
826 828
97 241
494 796
598 296
250 138
506 240
269 52
715 460
843 147
537 796
904 877
482 873
501 681
670 884
913 993
291 853
308 989
470 91
739 339
23 122
338 360
945 464
505 425
549 222
540 758
715 298
53 983
183 880
615 845
301 389
656 156
305 962
205 617
300 835
317 635
893 732
395 209
287 71
201 130
55 184
885 360
338 29
554 521
15 841
898 155
48 138
266 209
139 37
158 835
719 870
65 747
567 82
971 877
720 555
769 311
213 470
536 429
419 531
418 617
355 657
279 999
358 612
373 496
110 133
646 97
432 629
273 567
237 254
368 289
707 482
838 776
844 882
731 504
551 173
534 837
781 750
27 497
818 376
468 677
549 604
731 361
534 820
189 349
531 46
949 323
364 933
807 869
900 153
593 665
99 80
530 138
549 702
17 485
398 874
610 956
973 718
614 924
706 459
657 789
496 467
705 1
691 466
71 835
454 92
917 924
815 61
981 293
805 247
849 975
921 458
832 59
814 383
176 575
28 560
284 185
182 485
257 978
754 816
352 464
926 996
644 617
3 355
903 460
227 769
785 437
73 491
326 983
584 235
24 737
576 478
651 268
234 190
128 847
811 706
408 239
634 575
637 364
768 671
308 678
127 542
258 625
427 842
45 279
138 395
55 322
771 661
858 97
663 899
744 413
484 152
747 530
682 607
105 253
845 856
964 273
659 453
436 970
73 944
663 865
915 524
377 822
319 959
195 357
967 515
937 564
412 370
759 381
225 974
636 488
532 147
950 614
132 225
152 735
725 686
7 675
708 572
412 926
565 85
811 317
99 511
710 514
811 499
144 558
606 498
167 870
899 942
904 120
902 551
736 799
619 645
435 78
368 91
386 662
478 16
536 658
114 898
481 397
45 516
875 317
179 194
394 206
143 935
673 588
351 960
300 598
943 140
140 239
178 54
676 265
914 386
292 50
476 311
226 298
576 28
559 333
452 847
688 923
6 546
335 146
498 641
124 967
895 330
757 373
426 689
512 705
881 806
898 498
8 800
116 769
334 248
642 832
447 443
759 946
595 981
599 805
670 837
185 249
59 528
423 19
360 113
82 402
235 50
988 659
694 670
683 423
665 688
928 462
507 83
894 605
238 225
705 540
498 818
618 515
655 186
592 106
440 135
99 394
597 407
462 792
144 763
910 532
65 734
77 639
481 606
977 561
62 237
711 256
624 682
95 111
522 687
374 50
395 667
415 448
203 390
576 956
540 31
557 983
652 577
943 66
122 58
675 800
288 408
682 312
829 55
399 970
687 73
917 130
430 482
307 277
274 566
956 958
728 5
586 431
658 848
236 356
2 172
455 522
940 618
153 808
316 332
407 871
527 598
387 678
588 610
205 580
408 410
118 755
410 296
84 839
654 591
883 449
165 514
918 192
900 971
776 761
444 607
136 792
97 293
988 51
606 614
149 111
298 619
273 677
983 776
395 483
750 621
13 741
401 866
112 885
261 502
300 412
836 126
984 777
538 736
150 762
86 740
379 362
252 212
253 269
721 59
354 676
996 203
891 728
882 206
384 749
5 147
242 351
673 169
801 92
251 901
329 883
650 171
523 427
436 791
691 573
621 324
986 195
307 834
483 91
955 836
376 127
27 389
318 132
835 506
820 78
269 448
18 192
809 731
826 731
461 729
544 408
191 495
138 761
425 350
950 840
535 602
494 564
44 983
632 917
668 345
403 612
669 641
504 931
726 850
36 770
532 655
629 156
791 914
938 674
631 851
725 154
230 712
764 498
966 220
805 210
42 973
793 570
921 493
117 74
120 738
982 916
853 710
782 706
253 538
54 597
938 982
900 649
25 337
118 684
875 35
823 259
609 147
6 603
851 74
67 603
528 487
412 850
325 415
589 574
989 217
862 601
365 308
466 615
465 421
193 982
90 513
751 451
953 632
861 287
849 319
99 808
120 269
285 323
417 203
972 515
854 171
141 880
807 339
845 156
719 647
669 366
104 912
877 523
345 394
162 208
146 222
976 228
738 927
405 572
341 443
980 960
15 532
787 332
509 632
467 708
649 339
885 973
321 290
103 896
604 619
237 142
536 251
33 679
497 33
354 426
652 965
774 369
194 67
948 104
554 483
647 622
407 261
299 644
51 359
752 424
787 155
915 462
240 156
494 609
167 389
596 521
621 74
790 697
243 976
961 13
691 420
291 530
239 936
554 148
956 768
407 88
9 537
818 865
781 363
208 769
342 631
701 225
330 71
282 226
65 274
566 902
880 185
922 946
709 362
377 145
785 138
771 75
461 529
649 683
45 850
11 718
909 233
823 359
790 84
645 831
758 856
500 120
887 892
376 70
528 451
379 889
149 516
624 412
253 336
775 785
119 891
874 220
250 722
179 722
129 57
352 174
138 313
102 841
732 496
915 592
38 673
573 768
500 277
656 724
90 816
987 34
70 14
54 159
665 298
954 608
891 462
266 423
349 834
157 15
323 315
472 543
146 288
254 705
417 975
510 815
128 742
267 323
934 344
975 931
316 519
397 706
604 766
380 114
632 751
230 852
342 838
240 184
422 238
886 771
212 310
785 149
606 386
53 514
716 198
165 88
418 598
464 975
728 268
813 267
607 322
264 502
896 967
87 980
93 279
331 398
169 319
10 893
373 7
690 203
853 269
891 694
106 898
503 644
931 719
328 408
808 130
662 877
40 44
774 875
558 818
226 299
178 349
75 520
31 854
235 187
884 802
74 247
794 204
343 561
913 714
988 266
326 929
240 546
358 22
968 294
483 213
608 797
93 987
774 548
941 13
638 169
803 116
736 177
555 663
516 402
707 976
393 664
513 191
883 179
774 326
833 922
387 874
459 850
972 587
440 790
315 540
731 148
385 462
156 399
15 324
110 66
494 221
90 344
337 498
375 170
329 854
436 94
437 259
932 418
512 189
694 725
4 777
668 304
273 792
256 746
189 132
905 211
53 380
583 820
198 466
313 371
866 360
504 537
654 97
660 562
554 221
136 334
445 476
620 334
910 190
236 71
476 502
312 527
699 483
674 991
227 41
493 864
891 741
363 76
218 889
386 925
23 80
409 292
908 826
946 69
605 448
329 93
171 814
776 412
248 363
374 767
92 292
739 191
405 385
406 186
926 573
567 821
805 992
311 123
551 782
262 248
430 927
456 54
292 900
612 785
168 394
757 328
741 627
907 161
581 26
233 164
436 591
883 286
388 390
554 47
624 749
716 902
292 634
116 870
617 991
465 90
609 675
190 436
48 349
376 570
979 704
570 62
148 659
168 966
8 571
220 773
163 717
437 502
989 809
369 480
405 685
744 244
781 817
88 632
358 856
307 918
768 132
843 760
790 961
491 464
445 828
617 283
247 112
416 46
768 307
147 942
76 120
5 436
797 184
946 594
194 495
806 174
611 322
208 735
964 814
325 568
293 90
847 935
669 489
5 342
133 417
585 716
53 634
679 410
863 73
352 633
299 982
709 595
965 761
431 189
681 50
899 135
499 619
615 617
389 745
372 452
106 587
127 83
74 45
349 245
350 310
999 159
857 642
287 291
804 415
36 993
724 133
693 462
478 410
481 150
533 552
516 442
390 699
84 868
214 799
448 582
914 749
737 684
310 822
549 399
861 493
261 567
279 658
466 567
55 459
662 337
17 787
691 805
594 10
483 601
431 985
557 362
347 166
348 405
298 878
559 122
35 403
328 729
593 211
871 728
133 845
204 459
846 942
321 289
268 872
933 618
513 972
76 13
167 104
163 333
449 389
860 653
221 953
298 162
130 414
51 358
821 790
130 619
645 88
913 272
108 412
458 191
352 918
540 977
463 898
681 157
649 295
1000 581
766 952
316 299
606 193
279 157
925 907
503 675
107 122
161 806
58 586
277 428
169 339
939 883
315 208
620 180
13 418
415 466
331 707
233 433
58 684
700 211
918 30
448 980
1 324
811 695
24 739
171 532
268 234
283 898
893 879
894 24
828 139
549 419
258 732
921 4
558 467
376 805
202 929
665 15
793 194
120 298
798 365
655 748
475 88
629 631
530 774
604 187
912 814
989 591
208 204
851 530
138 235
87 220
56 880
224 75
28 810
711 619
949 18
381 592
395 233
904 397
668 446
746 36
587 566
700 783
407 443
509 139
180 247
218 302
750 776
583 851
143 274
811 332
472 92
329 501
915 346
865 539
179 87
566 833
511 938
571 820
778 881
691 48
848 757
173 478
452 683
40 45
743 861
477 104
447 912
213 542
495 900
687 378
780 424
789 470
318 790
810 903
943 605
604 347
417 551
534 10
315 448
872 899
300 148
428 97
124 560
122 169
819 961
788 368
2 701
704 527
337 42
173 650
682 490
949 803
732 469
608 235
155 802
564 654
105 167
219 443
498 78
461 346
464 66
85 542
927 909
437 401
220 519
848 472
902 197
375 165
581 522
489 546
517 786
204 19
631 404
426 21
817 684
802 344
826 594
597 405
155 366
691 592
414 669
661 644
117 560
333 979
925 271
673 350
292 671
18 109
956 747
244 693
255 279
259 506
908 981
9 749
846 71
402 494
991 304
190 529
670 799
408 781
715 434
40 122
79 827
118 983
46 176
965 806
454 309
495 555
629 600
282 74
103 22
486 922
697 893
352 410
31 218
954 427
650 928
444 964
46 509
908 488
158 731
529 997
474 532
521 981
205 676
162 377
128 777
168 538
499 232
324 389
552 672
649 992
703 667
582 524
698 121
238 310
157 212
655 597
68 785
306 922
485 294
238 417
129 947
775 284
30 493
752 849
125 817
203 907
834 875
910 684
977 604
436 51
700 832
132 276
65 863
229 964
639 861
450 915
717 879
19 235
937 300
649 625
833 195
375 348
602 384
109 144
695 905
274 487
147 655
900 55
246 43
766 818
178 779
357 380
680 729
304 765
196 955
88 36
666 647
316 12
815 26
217 497
606 117
774 929
921 499
718 561
338 359
748 414
931 646
400 78
538 364
118 674
344 497
971 407
733 415
579 565
869 273
604 364
538 132
615 44
339 273
858 739
396 760
382 465
185 683
651 370
727 455
693 723
909 566
275 614
112 772
234 379
436 723
608 36
661 38
457 728
479 543
81 228
693 78
447 509
328 843
355 658
424 793
674 855
579 387
502 630
788 253
648 833
973 135
497 86
815 676
962 184
602 211
506 748
825 225
293 650
117 134
976 4
26 791
78 580
203 149
137 150
285 822
416 96
742 661
916 648
973 489
46 262
355 46
801 344
15 194
952 220
240 158
646 416
80 503
981 95
679 296
226 944
424 115
744 572
47 51
505 104
13 255
306 75
59 385
352 757
922 769
500 309
784 802
639 282
804 301
550 313
164 204
75 95
985 462
101 663
215 367
760 464
590 48
407 681
429 49
656 251
141 381
879 969
515 176
719 176
942 145
747 203
35 87
715 553
789 290
276 331
629 813
847 28
7 421
101 474
484 470
15 942
469 946
989 315
202 607
331 945
461 962
854 891
68 36
289 689
254 779
107 600
901 986
152 247
685 947
870 497
263 221
413 784
513 194
458 939
243 167
360 393
379 423
272 719
973 73
200 451
159 562
435 964
323 957
385 529
774 21
426 175
234 640
207 955
284 432
400 998
217 851
380 297
863 831
209 471
180 240
900 233
890 477
174 530
156 105
229 621
696 14
643 521
603 319
350 179
61 932
675 154
800 60
734 341
551 257
661 833
320 145
908 562
908 440
51 99
19 513
389 277
251 441
430 453
347 919
344 134
501 107
862 72
865 484
701 86
558 961
226 182
562 316
106 896
268 439
737 802
748 220
870 966
11 671
433 193
969 407
823 468
311 224
425 613
858 953
451 485
571 276
296 726
850 293
561 350
690 442
358 20
733 120
774 538
921 118
872 900
943 717
286 320
896 436
140 297
993 836
797 588
893 995
489 485
788 369
524 423
917 83
258 592
831 445
121 754
682 687
612 556
104 859
52 475
592 688
898 531
738 978
818 907
319 79
410 937
964 368
803 690
293 608
422 332
138 799
964 391
164 787
842 999
772 722
792 304
721 254
161 803
673 115
178 691
678 748
226 679
356 294
566 401
824 112
454 991
380 143
238 966
908 752
907 783
32 67
502 510
623 465
240 166
437 496
796 29
286 951
947 923
482 916
934 183
442 721
648 28
691 216
308 83
951 976
352 718
614 810
482 833
587 577
658 828
532 869
917 977
667 54
61 283
874 606
286 736
123 974
522 979
805 140
576 204
888 718
761 64
27 772
214 902
32 638
966 401
804 500
509 346
774 740
634 289
68 463
107 355
110 710
239 422
774 631
645 885
300 234
762 461
874 131
231 770
513 511
658 640
236 916
129 502
719 25
442 119
943 737
819 943
803 18
107 641
1 60
936 625
42 960
957 773
318 621
203 735
711 2
868 731
614 35
372 394
160 522
123 68
471 454
168 825
985 978
234 550
136 835
592 668
793 475
635 542
530 734
587 915
816 406
411 729
359 775
655 874
967 964
878 97
77 830
907 955
949 506
734 608
511 553
971 910
868 238
834 10
101 447
913 409
460 360
791 372
869 516
249 395
670 463
695 904
476 694
807 722
406 681
562 966
467 429
32 222
331 109
625 241
758 439
500 419
155 24
815 8
826 939
300 650
118 897
924 332
179 831
58 948
407 791
546 961
619 253
72 584
412 490
535 27
918 385
187 393
443 995
729 175
616 840
163 158
374 796
659 896
81 806
783 846
129 417
883 478
331 775
746 938
35 11
698 841
280 930
138 256
376 779
140 758
414 456
505 858
824 654
290 54
837 676
860 331
659 361
149 354
924 552
928 555
485 282
323 179
569 303
368 536
954 883
526 703
963 995
109 833
470 17
434 678
770 580
463 915
963 880
750 518
390 81
808 847
130 839
954 597
29 655
117 981
651 543
844 4
547 46
759 443
530 375
414 91
234 990
643 556
492 238
900 133
60 490
976 291
226 990
191 524
817 981
711 914
575 707
56 257
826 877
26 601
474 203
959 523
220 500
35 653
754 507
113 449
666 617
170 664
373 959
781 320
411 158
178 191
948 431
40 164
226 147
431 187
161 804
169 337
506 614
64 425
282 16
996 759
107 13
269 822
450 279
680 99
476 222
370 889
297 565
540 407
586 309
675 680
366 757
213 535
752 21
600 297
676 70
167 589
3 500
430 981
699 28
112 722
21 248
3 517
7 53
85 949
69 335
82 682
159 287
966 933
186 411
779 130
584 42
858 393
898 709
759 712
760 730
392 276
12 785
677 725
324 515
308 136
899 462
797 92
394 593
314 707
57 249
574 822
425 381
833 360
869 378
247 58
181 856
844 40
276 716
761 766
413 456
821 872
240 187
591 914
705 967
668 205
93 215
602 377
288 257
952 872
166 230
79 515
958 258
65 465
249 300
585 650
736 810
937 5
373 915
658 217
92 573
754 622
597 932
377 193
909 40
623 880
917 557
903 526
46 5
230 358
526 275
988 406
382 189
148 619
589 822
671 784
999 391
358 21
175 705
180 861
288 939
167 625
316 289
794 493
617 710
375 754
763 960
875 778
107 676
56 722
642 169
534 507
10 271
641 487
2 699
79 443
997 900
10 158
194 595
690 620
829 392
314 805
186 447
245 848
764 992
52 420
629 762
102 764
180 256
526 574
356 193
902 842
251 106
181 779
240 505
26 844
834 39
964 678
89 228
753 189
592 253
481 594
982 454
787 212
796 711
866 359
62 352
800 89
305 541
329 407
626 359
863 86
421 463
169 126
541 462
691 481
503 583
969 711
696 265
408 849
151 43
778 787
835 862
451 789
930 950
525 171
965 804
857 683
162 947
861 883
874 899
645 594
704 50
481 143
599 466
503 794
291 154
353 688
353 949
183 250
197 236
698 963
861 21
475 454
459 920
16 818
418 890
680 345
794 513
814 772
998 97
671 901
196 59
396 677
200 62
736 80
702 869
663 737
116 242
637 379
524 169
3 746
651 54
780 914
360 435
592 526
789 940
684 503
155 768
944 139
449 739
600 861
842 806
684 197
68 674
128 375
935 84
316 740
752 674
94 561
204 49
42 404
462 969
356 372
322 164
878 465
352 616
455 128
631 235
901 994
291 621
856 451
696 88
532 454
489 220
179 77
441 579
388 478
412 452
327 219
937 163
212 361
13 840
86 390
771 292
652 609
464 906
47 25
251 434
643 382
19 568
592 406
978 627
207 295
101 992
320 73
88 213
696 404
705 605
810 612
266 646
533 708
737 873
330 257
174 118
927 348
110 880
844 794
258 469
81 542
542 701
707 233
175 520
586 161
333 914
65 294
751 823
921 188
689 168
249 657
802 905
957 401
948 959
58 489
300 628
689 57
104 615
211 717
619 312
197 994
917 25
578 787
907 95
121 568
865 320
860 213
254 892
203 762
902 470
465 187
963 196
911 428
324 266
181 143
937 801
333 452
501 866
67 40
471 346
784 782
347 296
405 538
977 177
476 341
926 250
195 665
76 185
497 84
354 567
595 751
495 349
726 327
564 358
530 594
652 305
607 284
351 390
639 883
878 493
866 461
351 23
796 416
669 942
394 668
714 745
744 768
873 700
303 65
14 12
200 978
916 1000
187 1000
868 481
905 377
709 931
588 992
131 225
460 627
118 115
908 927
7 971
92 602
718 770
918 320
463 173
70 1
400 29
828 181
468 46
294 633
390 632
374 651
330 347
692 548
753 530
629 399
745 642
412 771
362 210
110 780
550 537
37 442
641 18
799 266
234 40
438 182
81 907
279 578
304 182
417 393
770 399
521 787
319 486
949 603
987 280
825 613
254 777
145 811
239 191
970 820
81 181
730 554
31 323
292 701
495 406
768 946
518 226
632 311
392 390
945 750
150 145
768 33
522 838
522 112
998 629
546 106
860 590
6 304
998 708
217 849
18 354
534 890
282 671
815 555
941 796
355 76
285 905
757 617
5 282
152 962
118 189
402 72
88 960
251 284
914 74
739 35
334 837
226 82
722 943
873 528
415 524
635 355
982 756
253 248
866 21
415 153
553 207
596 382
362 276
535 493
719 368
666 364
443 957
761 170
620 155
421 162
733 340
420 475
224 204
277 318
727 826
88 427
70 271
492 199
583 799
828 447
461 642
390 646
139 130
879 604
780 137
970 566
1 214
224 921
189 905
742 127
380 788
436 742
877 217
935 764
98 785
906 962
837 746
659 518
989 575
560 65
637 109
124 384
824 566
627 43
259 424
578 637
134 199
484 8
509 587
534 548
612 268
542 83
636 410
832 13
485 418
442 61
494 336
276 899
523 386
726 143
786 816
147 918
858 601
269 471
125 765
200 780
49 821
47 806
625 122
959 758
458 355
22 608
188 515
478 241
351 781
563 173
351 425
257 706
628 893
991 317
120 551
140 553
874 717
82 290
620 473
680 798
184 717
59 459
460 778
979 266
482 974
926 775
374 320
195 65
444 374
887 514
980 160
429 230
858 1000
840 595
701 858
201 232
899 363
7 350
373 426
582 214
966 689
624 472
738 432
337 361
580 307
836 837
766 2
950 197
250 889
439 287
502 554
989 402
784 470
72 456
20 104
722 382
67 79
233 859
470 152
141 984
280 260
467 898
319 109
977 229
635 897
925 93
503 113
711 556
252 439
572 624
815 626
912 819
308 496
424 749
391 677
692 414
394 761
35 949
930 535
345 109
646 443
621 97
240 196
593 704
66 832
965 596
69 559
51 44
118 885
416 895
112 14
294 880
339 497
887 357
967 411
717 688
724 380
55 923
315 801
14 706
153 519
828 146
773 639
188 49
533 512
687 217
343 919
628 583
25 340
106 873
980 218
615 984
691 470
892 68
70 343
455 235
336 621
444 632
391 35
733 190
127 659
846 327
171 701
999 351
298 584
371 18
692 394
689 393
873 436
135 771
324 484
972 568
276 7
538 862
941 371
708 2
552 558
241 403
850 815
263 408
711 754
656 636
825 923
368 538
264 677
726 469
485 361
659 284
753 393
972 877
916 766
337 674
531 854
753 282
644 479
539 675
668 453
173 929
462 810
707 864
240 258
259 648
706 35
670 414
821 786
90 268
751 721
644 253
719 44
477 604
4 92
613 720
900 906
635 120
398 876
940 52
356 734
183 543
916 856
421 390
761 435
286 796
804 729
566 1000
770 985
457 498
701 79
648 421
923 253
463 172
697 984
737 795
533 743
868 358
629 398
760 467
30 946
151 304
874 295
838 138
89 953
241 994
993 83
119 961
323 708
548 11
606 769
681 750
609 437
119 886
673 718
53 864
295 491
907 237
49 197
414 463
608 84
583 1000
556 268
495 32
466 998
124 270
159 281
56 534
771 667
404 464
403 152
797 312
896 23
509 678
224 570
930 266
842 974
826 459
982 341
685 628
997 290
930 381
806 264
901 44
338 964
389 216
946 647
484 730
472 770
659 22
311 795
347 578
22 746
403 340
78 726
118 259
709 868
302 586
692 86
347 755
721 450
80 470
243 770
669 802
853 69
449 135
243 63
17 443
57 586
353 483
904 973
809 964
299 901
337 126
412 700
144 962
294 696
343 889
365 525
884 515
478 308
637 853
106 911
970 84
53 848
371 481
616 740
357 542
265 922
156 607
443 761
130 62
685 464
540 501
10 600
126 164
254 505
849 719
166 819
941 247
477 742
196 434
586 230
552 426
914 817
59 106
757 383
906 737
10 442
525 329
33 523
804 278
92 18
763 471
48 72
271 678
629 934
870 638
310 993
910 779
324 316
785 838
988 843
676 584
708 90
538 569
777 967
262 905
67 227
12 672
470 236
54 495
243 418
527 292
674 184
323 282
416 168
425 462
354 726
559 43
82 943
644 407
338 936
301 404
273 787
169 834
657 949
855 590
471 833
921 391
758 319
875 497
285 541
752 324
271 478
464 928
285 654
35 583
588 809
37 61
922 725
744 631
321 730
550 501
794 782
574 511
443 875
481 28
13 489
675 516
567 530
628 620
835 182
499 688
339 27
840 596
197 89
572 123
735 729
439 12
228 53
456 428
836 600
633 236
410 421
740 92
324 227
107 757
70 507
110 692
765 708
188 594
707 546
998 103
745 596
103 321
305 266
82 930
2 746
205 305
392 658
444 699
85 875
234 259
183 350
258 563
831 466
651 40
693 66
100 152
506 899
767 207
110 257
936 658
774 182
219 941
51 853
566 52
824 467
451 420
906 618
468 469
149 906
270 150
665 662
8 655
955 843
962 336
563 689
655 887
638 533
161 503
952 486
455 237
807 24
864 475
630 645
61 662
522 920
137 126
659 942
341 134
755 392
513 562
229 593
602 29
749 154
414 765
912 850
38 57
866 406
350 255
481 636
479 409
869 513
193 32
601 163
450 689
497 761
372 980
371 498
740 306
463 949
249 377
726 997
194 500
748 869
765 833
553 337
238 707
353 299
725 51
377 413
583 53
550 390
476 471
134 921
35 496
573 80
957 497
568 94
602 960
560 736
559 402
173 179
53 410
253 901
76 898
572 31
221 167
46 434
965 56
604 360
805 911
537 289
956 301
298 612
616 986
581 104
983 964
489 128
197 863
366 574
978 68
249 512
106 411
146 882
951 155
935 566
846 503
595 181
360 258
12 443
585 335
916 225
864 146
348 483
828 565
898 287
81 216
392 541
215 13
976 843
190 341
500 597
674 30
267 988
414 797
631 23
87 164
399 24
630 886
497 74
760 560
778 435
377 908
734 944
664 310
243 523
765 800
464 300
891 247
217 996
61 811
330 361
398 194
596 535
977 627
602 352
14 18
592 342
847 902
351 823
563 375
502 161
892 505
771 258
368 133
153 607
625 79
634 160
448 109
891 819
515 777
148 870
785 813
296 49
396 84
167 203
97 187
118 787
874 405
302 90
841 292
73 178
3 219
761 125
525 66
819 349
641 589
783 830
770 107
899 277
300 798
482 729
983 635
694 458
288 898
385 56
76 644
628 489
167 735
404 243
262 241
644 896
67 347
619 294
262 952
76 539
2 722
976 521
87 904
547 978
140 612
881 908
897 167
147 448
116 859
906 959
157 231
414 238
471 395
826 246
739 651
138 135
869 52
651 961
792 169
189 551
63 82
410 960
768 210
589 6
301 382
555 250
204 484
503 874
53 249
910 514
38 871
83 890
321 177
359 985
344 334
930 493
34 534
311 794
41 274
683 239
99 484
715 304
129 653
59 329
721 739
388 400
172 938
971 57
670 185
683 909
942 650
583 108
217 275
143 870
165 979
937 10
791 867
917 639
649 926
528 601
947 161
472 383
79 802
524 749
819 411
823 419
754 764
940 637
615 829
672 695
585 890
288 704
511 260
391 360
249 841
841 81
664 758
572 967
131 667
872 889
634 376
338 77
755 676
257 209
955 744
486 172
487 765
128 802
699 61
831 552
334 80
535 145
451 148
440 739
827 465
276 73
684 446
405 811
281 501
49 463
693 440
819 885
289 962
20 86
21 507
595 986
445 735
974 980
354 667
794 940
659 486
623 25
185 115
424 981
985 660
488 476
843 722
493 85
725 730
997 325
322 95
217 947
955 817
960 965
463 690
65 231
32 488
566 405
436 378
973 415
403 371
479 420
299 706
549 750
878 282
695 928
259 336
228 576
961 94
250 15
397 450
643 502
991 430
60 284
479 346
607 94
539 214
500 506
252 823
701 118
723 930
761 219
781 62
253 527
112 337
684 975
652 770
249 355
547 449
292 172
594 988
117 145
814 920
83 142
447 657
140 895
827 31
249 619
475 243
86 331
816 155
194 515
604 410
766 147
803 487
16 915
186 495
760 968
278 567
228 870
654 914
356 672
343 23
879 449
917 228
404 393
777 913
483 432
514 757
677 904
513 959
399 150
704 782
281 755
632 83
824 323
643 905
402 873
630 875
189 623
847 619
84 344
762 514
321 200
657 630
125 558
347 540
935 183
77 651
316 965
730 215
749 410
18 59
626 420
221 960
876 806
78 783
334 959
52 878
237 342
403 764
633 625
687 788
728 347
50 379
308 647
572 468
499 960
939 623
47 26
105 909
70 905
236 417
936 503
442 608
973 772
516 956
217 500
672 640
182 529
322 5
373 362
174 117
505 290
328 293
715 691
610 327
538 152
776 525
465 764
687 313
746 775
709 401
291 8
55 35
828 353
991 983
225 284
278 774
227 890
472 676
603 547
451 334
418 925
607 647
42 785
560 862
23 566
615 184
380 751
515 390
202 951
57 462
793 232
99 849
31 360
910 238
821 299
195 469
682 611
838 483
228 233
873 212
858 288
474 41
129 914
967 261
945 592
252 102
808 932
731 849
474 759
831 165
739 588
336 376
190 180
213 381
752 705
570 830
447 208
581 440
163 332
1000 399
48 556
322 135
677 543
535 913
77 687
616 191
366 51
194 461
752 832
454 795
159 760
386 539
461 591
412 299
566 716
654 497
973 710
978 816
283 62
717 705
994 70
128 655
615 570
136 268
869 774
514 545
679 517
115 748
645 501
904 817
896 865
35 495
559 448
706 532
691 248
31 891
801 776
396 36
897 585
643 125
116 369
904 623
102 260
917 759
687 477
250 618
750 867
156 783
79 81
129 385
684 693
611 623
461 876
278 802
943 564
512 590
824 848
896 429
749 773
2 800
810 923
760 34
779 472
875 990
888 198
629 625
464 205
163 426
802 253
845 185
816 581
711 609
103 844
587 607
473 339
737 255
882 17
113 100
636 480
160 131
432 664
342 127
806 270
844 213
460 206
309 502
222 556
9 304
28 768
489 874
97 469
4 931
152 598
22 723
74 683
95 115
481 699
552 410
605 674
606 389
330 896
442 710
868 384
889 788
643 298
95 273
740 602
245 164
344 139
457 492
865 511
666 363
325 264
151 481
836 575
585 889
434 791
515 2
718 575
274 416
315 248
33 815
732 879
332 532
71 735
898 57
572 960
420 341
738 312
561 337
896 538
733 115
898 168
634 744
859 645
586 887
756 59
261 521
664 207
923 692
232 503
713 328
6 215
764 909
656 664
567 402
509 870
817 187
403 518
680 542
397 859
953 155
368 981
664 34
9 339
377 873
798 109
357 259
360 121
472 595
180 268
626 844
475 856
773 273
704 850
88 611
158 351
939 70
840 9
640 377
843 674
644 401
772 366
939 215
485 641
786 190
364 854
259 706
367 685
189 157
65 151
598 59
981 929
29 500
70 640
18 103
331 244
282 912
619 601
636 857
819 171
752 326
291 578
143 749
536 583
722 910
341 292
503 579
285 652
862 158
701 4
389 766
840 888
54 221
951 604
678 316
918 271
403 814
443 877
300 562
156 526
66 149
253 526
681 505
594 586
923 347
667 186
836 442
384 492
93 22
335 201
672 579
893 719
250 563
14 950
309 558
809 494
150 182
323 670
702 926
923 739
46 374
253 178
510 323
901 908
314 54
557 26
98 833
495 365
323 956
705 159
828 531
300 404
471 477
292 752
811 800
208 251
906 116
689 332
104 956
546 207
926 79
841 537
55 563
42 382
722 268
952 377
309 132
518 56
53 33
812 285
206 564
389 124
816 728
588 308
848 73
545 111
543 556
732 557
215 687
308 499
937 389
721 366
503 144
933 849
702 22
415 931
36 596
181 525
520 409
773 969
961 57
571 806
990 956
323 295
852 837
653 820
985 220
183 677
496 319
701 769
725 162
374 304
875 253
602 607
417 933
645 545
826 466
488 459
818 87
69 223
737 877
701 778
956 255
481 175
124 801
909 253
1 448
366 738
671 839
486 11
589 762
201 137
720 887
662 14
314 1000
408 365
47 927
287 991
642 250
127 668
245 577
693 733
489 23
716 850
901 992
632 65
216 980
638 123
713 256
237 578
898 434
842 759
807 331
699 834
59 739
948 17
318 364
210 397
105 353
587 805
73 899
534 624
539 902
133 953
851 748
854 285
195 368
753 398
648 526
833 534
116 662
815 674
32 307
289 324
492 453
510 906
351 386
564 273
342 195
238 784
411 966
751 653
420 920
479 511
134 718
563 456
123 321
86 311
161 620
492 122
921 774
217 309
273 251
535 743
813 897
836 693
952 221
545 544
235 70
881 9
662 857
240 848
594 643
520 866
444 330
799 464
398 549
305 997
80 488
475 405
558 455
371 292
192 433
175 552
400 846
432 27
135 238
435 836
332 536
524 136
331 226
827 439
958 655
881 780
86 602
819 795
381 150
918 605
958 542
171 440
517 412
927 769
54 151
67 8
161 83
473 289
950 349
608 292
664 118
96 520
81 484
542 123
321 909
764 191
176 432
124 94
87 330
398 275
29 700
71 220
122 619
268 779
90 461
806 271
661 697
530 453
221 918
5 501
853 209
601 872
680 633
848 831
476 521
84 257
730 319
697 686
278 417
226 110
668 121
640 986
57 696
482 183
670 810
782 864
144 852
936 432
59 419
153 938
705 149
825 787
66 985
349 54
922 926
302 116
675 762
753 562
718 572
558 165
101 518
429 15
478 369
947 494
749 966
128 518
236 543
55 245
700 142
638 788
249 732
652 510
399 760
154 753
232 617
983 910
659 812
487 767
480 533
388 766
923 695
943 696
984 903
39 243
309 284
400 584
314 130
506 874
33 362
662 387
183 708
6 103
391 667
370 973
111 134
191 62
423 47
626 845
642 742
310 920
683 414
265 9
506 703
109 498
169 933
138 1000
530 406
954 534
648 853
722 730
944 601
191 365
417 772
855 986
118 796
731 680
968 678
256 738
791 562
706 102
834 83
568 123
56 335
903 933
540 993
27 222
374 11
31 766
805 451
769 853
274 269
66 446
442 731
294 840
558 517
100 527
467 260
529 257
549 974
454 2
148 937
899 147
863 226
496 276
674 941
761 360
759 103
865 185
361 922
218 833
183 753
809 162
211 116
524 659
598 484
451 681
268 81
469 560
878 852
349 26
579 1
589 836
169 959
704 166
207 29
784 14
328 154
914 641
883 456
67 759
893 703
414 360
645 896
798 110
894 91
732 146
698 814
168 513
742 31
210 132
284 899
662 316
45 342
449 629
417 151
56 977
21 285
78 294
651 954
444 916
543 376
530 841
911 452
22 792
612 349
884 410
730 14
542 435
360 229
927 767
930 305
643 792
385 716
122 1000
407 395
906 294
346 811
935 177
886 929
338 907
35 915
322 208
621 460
362 65
854 145
829 287
868 379
89 116
307 45
914 127
109 137
56 363
31 71
491 457
64 165
286 804
904 132
472 394
1 692
438 611
921 24
739 460
616 513
594 241
867 400
870 561
767 395
474 814
715 292
476 240
867 481
649 694
724 94
619 128
837 217
813 352
634 335
62 812
897 781
821 196
37 530
221 213
738 481
336 609
870 226
373 394
547 221
72 187
131 610
480 320
779 446
798 494
881 241
534 420
833 147
8 786
660 378
698 181
937 923
76 577
889 710
690 561
329 457
785 771
309 453
683 312
404 431
171 492
935 759
881 711
128 441
863 563
578 672
65 530
963 812
176 405
512 95
704 923
797 114
212 982
858 64
843 668
346 924
437 323
205 407
636 188
804 912
198 387
473 128
860 820
493 829
63 215
322 423
266 274
579 597
156 802
415 535
644 31
672 419
889 362
85 259
890 21
37 242
130 308
655 346
982 604
862 486
974 732
727 956
433 222
128 652
336 815
249 854
712 602
110 785
92 484
386 383
3 877
176 370
430 876
367 275
97 267
319 412
676 979
666 201
499 56
462 428
555 461
768 873
966 524
757 813
770 315
845 853
417 1
8 782
372 345
767 315
289 827
841 168
781 235
659 606
474 408
594 377
262 929
543 304
466 516
356 43
998 622
837 932
270 351
677 672
90 458
950 636
397 761
697 467
293 312
22 750
973 390
393 402
791 670
648 329
668 203
959 964
673 315
892 425
415 634
18 912
758 326
243 951
139 876
670 664
430 349
537 817
447 907
614 769
740 580
210 571
905 489
65 324
654 172
36 835
572 269
700 314
350 359
867 347
995 878
804 328
254 259
787 634
295 839
701 960
81 703
156 603
268 61
465 681
966 531
763 760
892 988
650 948
392 924
448 520
747 172
968 303
966 334
861 444
310 418
93 978
965 112
943 714
328 93
760 64
438 433
77 207
168 693
807 39
582 536
766 197
508 205
254 953
402 606
89 1000
870 359
375 927
531 583
345 600
396 876
436 769
761 695
30 505
755 437
125 805
147 191
859 345
226 604
668 619
956 370
959 36
509 234
321 368
975 22
839 718
954 676
276 904
172 289
280 459
526 1000
710 580
695 671
682 234
494 452
759 456
377 570
854 36
666 870
276 750
26 761
725 313
392 60
644 177
496 55
98 215
429 541
468 965
14 457
724 851
83 373
807 692
562 761
457 989
122 64
378 950
350 729
416 711
779 888
338 488
912 295
182 665
753 755
992 533
610 92
538 481
222 142
746 524
874 601
729 378
974 532
480 232
500 155
585 795
912 197
960 687
990 328
148 639
152 924
349 394
679 382
121 347
213 683
624 334
921 170
885 153
407 607
176 991
413 542
543 816
676 900
526 856
589 677
32 114
662 211
96 6
476 676
135 49
145 869
137 597
376 869
160 658
897 115
320 936
742 239
11 205
772 776
560 98
393 925
216 792
128 478
849 4
307 624
642 715
388 791
320 741
503 76
820 818
951 240
878 104
276 940
482 329
925 457
827 485
711 440
888 79
108 659
155 83
271 235
687 563
48 914
178 545
160 60
325 670
252 658
731 657
445 21
377 327
624 704
588 107
536 566
903 904
208 615
338 682
299 944
17 483
930 754
277 701
666 925
247 911
106 545
861 254
365 576
95 363
888 531
821 765
572 309
772 773
634 106
562 511
102 396
984 405
71 387
239 988
22 77
336 836
684 57
945 350
672 754
470 704
515 92
366 736
993 74
975 78
762 377
763 672
965 36
197 202
325 784
349 965
600 451
763 785
414 325
720 760
376 786
429 376
638 238
729 786
669 540
384 135
976 545
349 545
25 155
634 913
736 702
843 607
837 284
569 598
621 129
367 77
834 640
821 296
213 329
401 725
789 858
898 547
635 578
452 476
56 861
328 706
314 29
977 171
906 249
691 837
394 469
173 311
380 174
273 556
582 556
627 407
704 924
800 731
820 790
911 249
311 925
989 949
574 797
99 383
445 855
119 96
731 354
401 273
476 883
268 583
985 499
969 982
87 631
513 580
368 475
204 817
905 730
354 130
468 910
360 527
751 589
555 479
597 183
731 945
437 774
316 185
744 548
417 982
363 126
809 104
459 675
758 5
184 650
974 733
326 936
478 492
896 787
537 743
993 485
422 418
598 668
656 243
639 96
823 377
130 198
261 880
232 736
250 617
714 280
202 756
335 816
48 210
344 669
771 992
21 1
292 247
428 5
504 355
358 322
146 850
953 418
202 982
107 946
67 358
121 734
584 194
414 67
950 49
241 545
936 735
875 963
637 67
12 554
440 297
884 428
981 598
323 148
146 647
114 19
167 31
119 294
601 547
432 524
252 389
933 676
539 789
702 355
117 769
25 691
449 463
34 675
647 567
209 463
346 736
187 812
632 761
18 230
549 758
660 689
130 580
256 695
26 533
298 286
434 206
417 472
809 938
156 775
106 726
820 302
400 650
680 665
681 224
899 185
296 130
95 274
153 575
508 949
951 629
303 601
701 110
979 372
305 805
359 494
107 81
93 158
613 690
115 634
430 175
69 149
197 96
325 59
3 538
477 144
268 141
179 538
550 575
701 673
905 932
839 727
182 254
598 99
802 971
107 669
578 834
394 875
281 328
689 123
45 230
471 69
510 437
955 280
647 198
819 889
590 52
883 42
548 488
441 108
668 757
736 841
216 684
634 518
219 291
816 831
393 715
370 536
794 842
220 830
114 281
21 955
995 352
977 925
268 952
985 666
273 935
237 366
330 848
682 13
867 11
479 305
620 305
571 799
164 479
578 221
544 85
360 726
514 629
198 234
143 543
537 825
60 143
335 263
173 424
563 32
268 508
700 479
574 480
667 14
151 401
923 184
249 51
165 725
974 533
371 448
705 480
864 335
991 622
279 418
407 745
391 164
874 376
603 938
664 726
3 420
97 449
796 767
638 352
935 952
202 524
757 350
996 698
651 321
998 24
685 98
105 104
404 38
405 843
797 729
926 487
953 331
94 911
668 682
318 375
745 41
52 391
385 544
439 749
958 935
100 395
674 102
237 782
509 617
275 17
369 414
771 34
744 254
748 670
168 13
204 40
649 397
616 56
851 819
156 139
599 145
123 88
34 747
493 966
494 481
521 203
455 528
35 955
74 671
919 415
632 817
84 468
290 381
839 420
400 507
222 446
903 907
323 309
501 237
892 466
910 241
605 743
736 890
165 6
312 582
10 985
248 580
645 413
313 860
10 646
361 628
433 295
900 749
994 128
260 588
377 130
433 176
787 755
311 179
701 775
45 867
836 626
488 640
382 252
727 760
106 226
658 589
684 717
352 46
859 593
14 768
609 394
186 173
594 222
847 176
77 820
84 829
180 899
897 45
59 774
632 68
745 235
124 736
713 261
769 107
399 464
78 145
264 589
194 914
251 751
233 936
752 904
159 432
842 754
938 501
594 403
962 495
814 628
403 243
441 932
850 696
320 851
674 138
312 183
612 450
522 982
506 757
512 192
234 804
401 391
100 141
109 62
985 321
161 263
843 879
290 613
43 871
929 794
142 89
203 29
574 124
223 86
8 29
598 102
251 265
804 993
736 919
952 852
813 877
283 50
264 3
584 831
669 634
657 146
58 993
886 79
871 281
288 153
701 464
566 925
348 890
130 421
938 540
732 528
749 590
843 393
754 804
3 222
461 518
638 478
303 627
736 322
651 427
135 858
553 742
505 691
589 667
475 263
224 123
352 202
81 908
997 694
836 884
325 265
475 180
847 148
775 923
443 338
561 11
50 528
822 466
860 1
880 719
59 802
79 431
875 580
385 334
29 823
823 685
833 725
337 998
410 858
674 63
548 580
525 884
360 144
108 566
34 817
741 198
285 762
677 686
274 243
627 739
351 483
133 693
397 759
548 905
536 849
687 746
467 527
319 534
195 540
35 702
240 179
518 688
121 643
436 385
311 567
331 349
273 228
863 139
611 98
540 190
64 239
421 309
978 562
634 48
317 868
671 597
84 81
469 537
224 340
706 628
601 346
396 452
128 618
524 968
482 519
551 865
965 106
509 318
419 10
906 536
338 70
283 971
158 741
569 834
328 240
2 913
413 118
901 850
619 360
729 728
159 197
306 571
327 871
642 161
980 591
674 270
485 120
937 977
665 354
439 539
43 338
689 292
449 543
530 864
418 329
461 336
651 992
564 519
565 874
622 373
470 230
176 620
60 870
5 163
632 457
802 724
673 153
512 25
52 194
74 902
509 565
745 796
1000 444
656 856
289 257
795 539
762 602
320 441
378 355
768 465
74 632
305 867
170 937
9 787
672 189
998 965
549 745
368 484
866 939
297 40
726 979
655 477
640 522
790 636
57 616
576 904
648 5
633 713
248 553
675 812
531 336
134 951
794 153
800 319
566 938
2 305
430 192
26 187
745 801
905 660
766 585
130 109
352 293
562 424
546 805
395 851
123 950
681 270
793 836
210 974
852 444
129 348
704 296
651 499
338 42
880 872
236 909
760 239
486 333
435 897
954 147
605 132
261 617
263 143
656 361
732 28
347 175
241 543
613 271
975 680
196 193
107 934
183 453
955 404
703 786
45 484
528 468
525 986
90 255
867 665
43 207
600 980
94 686
167 38
858 107
535 795
464 326
228 423
263 736
485 592
113 97
407 501
247 250
861 427
734 760
740 425
337 316
687 674
303 181
948 190
198 309
626 304
836 105
403 515
244 659
727 619
585 761
912 615
360 676
89 490
821 985
636 1000
417 968
35 617
731 964
732 195
365 574
994 691
919 237
904 794
407 953
230 708
986 698
149 610
419 338
615 755
936 26
842 424
323 576
140 58
69 108
624 285
917 734
496 608
595 492
390 694
340 721
272 273
111 662
791 362
784 252
81 778
549 436
788 732
426 637
979 875
693 729
954 183
702 777
125 24
181 358
897 93
293 892
901 637
774 261
64 800
48 485
855 490
967 748
824 518
542 240
987 67
617 194
173 730
753 386
163 658
20 361
955 670
997 311
678 722
916 291
20 472
204 77
42 112
647 717
815 543
906 473
428 645
947 655
570 938
679 252
368 334
539 553
677 491
398 196
503 481
530 255
550 250
293 99
848 998
429 611
196 882
527 222
948 257
71 178
204 529
832 362
924 314
800 264
583 23
217 426
949 559
187 718
575 627
944 963
856 15
801 658
252 884
291 892
990 190
961 146
50 205
733 328
979 623
746 725
671 365
893 514
272 238
970 797
148 561
81 626
577 661
483 930
500 76
818 345
965 6
380 554
580 103
901 814
849 629
870 141
509 999
624 487
590 828
920 296
319 494
980 564
270 742
367 498
24 396
835 787
238 261
266 472
73 264
298 841
149 446
861 783
447 104
638 885
472 636
109 377
146 645
955 589
629 670
546 98
547 647
256 508
460 116
599 235
488 373
994 547
460 203
378 332
217 970
327 117
994 658
692 93
285 897
808 562
271 338
995 36
564 23
34 811
388 301
118 36
924 495
515 62
857 948
218 710
13 25
109 624
607 241
176 745
222 145
518 866
188 1
89 764
532 826
849 654
505 275
421 645
724 34
217 793
966 419
163 466
272 156
361 365
421 999
651 470
762 447
659 963
931 934
475 354
612 865
66 469
976 26
888 9
372 154
211 284
68 243
110 530
423 339
503 930
871 849
694 202
391 157
171 267
988 258
935 197
103 568
717 316
21 261
423 433
628 578
669 441
872 315
357 445
772 934
829 819
389 498
906 44
695 506
592 825
973 244
886 703
389 3
839 356
893 317
364 685
313 281
167 175
151 521
479 140
315 871
359 874
358 827
75 307
440 148
445 157
907 936
178 568
995 243
474 571
213 18
886 897
550 179
990 826
313 612
281 246
852 959
807 689
833 30
834 369
1000 633
144 805
877 301
653 924
526 474
840 893
69 341
146 947
10 773
652 340
643 534
966 124
233 176
740 857
10 660
892 908
89 585
326 878
20 589
207 25
563 881
429 268
419 41
334 109
280 801
249 764
10 367
72 131
931 214
220 11
871 228
827 386
167 669
51 956
323 931
647 36
375 975
195 125
50 680
569 680
551 968
627 158
862 795
573 860
635 699
427 30
449 762
747 713
34 916
755 194
707 103
545 256
284 300
929 161
821 499
660 55
533 303
43 95
65 955
392 213
781 805
543 666
433 959
584 329
233 637
416 203
242 245
66 7
556 678
433 665
527 901
167 873
184 181
611 334
259 293
501 378
910 782
700 552
136 391
730 499
696 191
199 916
936 366
518 520
246 81
987 941
95 340
575 606
10 854
246 192
908 835
361 634
568 744
986 699
878 901
258 136
999 977
460 806
101 888
62 758
377 128
250 382
206 413
693 917
378 538
197 38
625 555
566 992
685 273
335 168
282 292
980 802
620 874
380 519
272 274
168 451
503 765
617 756
985 410
819 612
287 986
400 758
720 763
791 474
116 168
462 84
304 18
152 402
380 741
346 437
883 198
963 318
693 585
585 368
493 467
8 997
744 431
119 569
764 946
565 655
769 410
845 143
836 470
752 793
162 229
646 83
851 755
716 690
871 716
86 908
252 124
968 949
808 938
468 863
950 313
469 94
916 659
960 515
479 85
246 352
817 882
566 179
74 689
921 920
591 896
388 443
543 735
952 854
311 557
648 79
541 284
361 820
123 309
636 665
913 157
350 508
153 544
924 315
728 172
74 514
804 705
677 93
715 486
457 506
990 44
3 34
477 999
313 894
402 953
926 820
999 806
949 835
567 546
126 470
805 249
933 436
486 974
837 222
843 395
679 865
32 499
575 848
858 936
879 978
934 689
684 540
634 367
413 594
140 942
331 989
393 542
369 696
183 249
188 529
210 185
768 877
932 688
318 861
595 854
660 282
827 315
793 383
43 360
336 510
923 972
266 473
105 183
177 738
215 46
16 672
668 467
994 879
50 787
404 335
116 977
134 208
581 649
802 102
273 636
427 423
552 897
609 592
495 383
333 368
778 463
54 697
456 454
659 320
747 196
147 20
6 297
82 963
891 315
815 459
377 571
296 687
209 460
262 598
131 409
191 453
394 697
913 351
986 871
878 257
826 676
403 717
781 416
85 51
982 291
605 700
409 117
725 3
612 875
805 443
10 927
616 462
464 843
84 236
58 899
313 922
44 690
649 528
248 840
800 388
456 730
535 484
605 352
633 379
349 418
794 209
5 854
615 907
563 788
241 902
686 291
176 823
927 428
784 182
658 659
54 776
900 852
685 234
927 61
784 197
803 99
860 112
295 391
647 178
10 309
927 194
654 782
328 976
606 519
440 746
883 190
558 362
390 40
530 975
380 924
258 982
189 866
64 873
854 636
345 604
181 206
437 116
358 990
956 692
842 923
740 194
639 988
30 268
413 412
61 647
270 319
872 105
433 995
949 491
882 958
630 544
246 313
691 604
198 444
942 975
817 954
65 432
697 348
381 987
83 637
469 360
17 415
39 522
282 781
31 650
88 84
889 707
329 366
39 923
439 561
598 398
435 342
862 19
58 811
944 867
193 408
213 597
434 930
163 352
326 220
957 342
500 231
452 770
70 209
674 458
80 723
942 101
606 822
883 463
495 797
580 405
968 335
642 16
239 280
42 804
3 566
114 805
193 964
656 476
729 826
182 72
243 74
301 854
289 886
533 219
916 213
748 127
100 336
337 2
928 683
671 173
842 733
312 320
366 247
148 46
851 617
727 179
967 667
128 420
609 559
375 236
431 558
436 912
518 50
688 265
247 470
56 892
32 301
251 915
87 265
576 873
247 71
285 806
488 334
40 631
368 292
555 72
294 60
960 568
961 273
869 696
568 173
894 837
505 446
313 534
722 842
688 710
200 928
166 213
761 557
891 958
123 296
92 985
473 841
558 856
922 654
481 342
524 590
50 453
259 799
187 676
706 664
486 848
647 324
19 691
663 234
206 524
829 222
832 46
598 517
965 782
503 686
990 339
339 63
505 299
805 806
775 658
758 846
64 358
780 100
84 873
35 167
879 558
515 209
936 826
465 262
261 825
876 524
148 381
81 323
794 299
667 555
68 52
487 486
880 678
295 335
595 189
121 710
765 245
710 542
324 493
958 612
63 832
245 877
817 292
391 841
931 300
293 971
186 755
9 284
462 742
201 236
508 96
168 943
817 518
582 774
33 895
207 939
333 732
329 917
7 543
85 331
638 345
184 116
113 946
521 155
557 589
373 576
523 453
639 869
331 90
517 239
26 650
528 824
631 207
325 638
696 126
947 367
535 543
424 321
613 711
803 139
527 171
458 160
60 364
188 281
479 266
847 247
625 138
494 845
160 66
501 127
784 655
322 578
109 80
792 862
923 244
961 825
841 323
342 752
365 689
494 943
960 127
235 733
809 270
103 82
547 367
875 906
487 320
510 163
484 474
413 875
22 318
335 941
656 691
955 353
959 297
858 412
689 97
166 251
156 126
488 89
803 642
218 110
238 101
111 217
792 177
359 629
391 595
837 943
953 98
38 780
574 850
920 789
243 638
261 99
318 108
88 573
507 53
949 406
46 202
130 830
989 917
811 413
548 948
575 477
491 374
256 651
973 530
298 282
744 870
433 561
531 200
256 826
810 369
758 347
616 416
486 574
804 663
904 959
517 374
226 219
877 472
511 46
39 839
541 513
977 484
235 24
837 661
822 235
25 283
117 133
243 357
362 60
36 189
340 523
470 718
789 330
223 898
663 353
866 623
997 727
120 117
379 640
822 258
883 272
258 693
831 592
832 722
275 379
941 759
388 651
673 889
423 827
372 442
580 231
267 830
557 369
806 865
272 648
368 893
904 723
132 624
427 52
33 477
396 873
895 238
781 942
546 21
12 857
226 358
523 303
29 58
105 460
143 54
328 621
366 421
593 423
99 298
707 427
435 491
952 66
35 899
829 913
866 395
523 666
759 229
130 96
145 97
661 873
498 745
675 977
105 921
148 951
402 483
810 484
614 806
260 965
444 42
355 449
193 494
15 384
696 387
255 120
3 125
701 910
568 701
828 119
888 730
28 591
26 88
300 847
175 633
417 621
624 323
666 104
405 4
135 159
871 145
379 831
965 220
664 585
737 149
229 930
11 994
49 171
846 277
793 20
450 433
238 336
129 236
613 268
760 976
544 781
251 711
694 71
767 567
453 699
256 233
901 663
116 923
198 989
949 187
114 196
612 347
977 66
546 57
459 272
976 134
426 107
159 107
677 658
281 985
321 192
867 721
13 923
530 263
588 17
721 496
26 550
852 622
680 567
109 131
579 639
728 291
451 657
805 481
572 492
757 327
579 524
139 683
585 591
639 758
771 446
668 166
807 548
22 868
994 45
744 604
343 824
316 571
880 140
114 844
244 803
724 501
84 916
585 839
987 845
177 467
420 438
595 256
316 359
858 978
417 664
386 149
975 85
190 662
70 333
612 852
922 242
875 830
884 126
690 713
374 870
380 743
704 469
879 380
100 373
896 150
570 662
224 697
685 868
561 862
979 571
494 742
228 96
930 252
588 448
354 458
725 553
467 793
610 763
129 692
334 680
907 613
30 724
473 25
386 608
478 922
778 666
302 564
839 503
865 664
331 36
479 484
562 600
123 326
808 378
783 220
875 392
500 425
969 571
17 102
736 794
936 332
611 74
743 633
447 896
527 946
610 174
296 58
574 301
597 916
836 700
238 652
862 488
574 444
797 806
16 56
605 282
970 905
960 394
595 284
504 27
177 203
729 550
982 816
676 251
331 846
996 792
172 330
961 715
637 538
800 291
469 980
286 850
951 464
822 295
680 284
348 186
738 526
153 444
68 41
340 982
145 800
441 377
439 898
330 158
361 178
876 791
404 474
656 707
107 867
512 386
698 437
609 598
793 415
479 772
890 669
712 329
252 386
35 631
649 376
155 739
156 344
302 983
424 512
705 689
905 87
579 136
751 93
52 8
859 392
810 92
122 852
764 267
216 273
397 324
770 766
919 451
443 522
728 364
891 904
568 469
951 850
540 428
333 771
62 451
653 740
247 989
584 863
199 862
438 690
424 92
942 258
672 482
244 986
492 414
602 623
649 457
397 183
75 805
538 407
459 578
656 971
83 302
135 999
984 419
162 931
571 581
776 495
926 929
909 173
109 655
829 469
45 935
746 820
603 837
241 900
405 495
408 317
561 329
999 443
806 502
334 280
950 208
883 354
421 885
172 445
908 329
506 78
447 539
888 123
559 544
907 3
414 17
639 941
401 886
662 299
305 54
903 87
707 878
608 249
628 244
149 317
613 376
232 157
968 785
788 100
510 664
385 479
349 774
869 95
559 299
952 357
972 856
116 678
488 626
953 125
276 918
992 141
154 821
547 565
199 254
829 643
612 21
941 885
377 572
566 610
643 707
665 851
463 554
65 111
928 43
839 447
787 224
990 825
739 251
333 854
796 18
51 221
948 341
95 236
776 222
175 196
877 298
400 178
772 170
762 26
306 4
839 882
252 840
257 584
334 590
559 19
879 822
940 602
193 527
909 209
583 510
487 421
110 864
609 135
883 544
610 440
637 593
267 401
88 402
287 82
70 358
236 634
111 638
907 197
770 708
173 103
67 764
654 718
713 50
749 820
128 872
71 551
542 933
897 76
860 86
400 540
917 9
152 141
870 475
157 388
803 494
621 42
338 706
565 680
132 812
399 360
737 487
224 670
868 534
926 123
638 801
622 426
508 94
60 919
759 535
595 622
100 432
447 173
656 922
842 957
557 659
939 13
686 778
446 111
583 602
638 515
231 424
414 969
481 936
228 419
583 747
144 696
473 60
221 934
699 762
303 192
196 878
920 620
134 730
908 649
967 110
308 281
535 618
916 984
620 827
761 421
421 407
758 384
117 312
65 405
217 960
340 96
204 632
465 952
579 668
943 231
268 413
986 646
697 969
956 82
204 719
83 486
201 87
496 533
650 788
295 155
913 754
220 196
947 95
745 547
106 239
179 601
827 197
785 998
652 40
51 847
111 771
25 236
941 70
615 179
391 933
837 373
141 702
254 793
550 858
555 716
438 448
162 204
853 366
387 770
941 471
689 390
382 997
876 812
100 374
998 283
964 159
306 801
755 50
445 542
816 926
64 851
861 819
712 223
821 419
473 626
570 229
938 385
190 210
12 866
473 382
596 308
149 823
8 341
138 984
216 536
750 85
596 192
833 415
190 299
663 24
165 370
826 540
151 931
652 836
265 292
715 319
79 977
470 383
242 502
406 727
661 831
739 51
5 699
706 472
174 738
356 705
438 727
791 849
417 1000
731 804
112 180
11 528
670 833
217 479
679 653
224 333
211 185
529 236
148 590
377 913
666 415
575 861
300 897
301 472
420 314
573 364
442 222
776 722
625 677
438 130
364 761
943 575
33 612
894 11
805 570
419 371
383 514
497 599
3 624
634 588
871 809
231 718
816 703
382 334
266 117
180 531
966 918
660 293
667 772
615 437
695 381
128 493
789 1000
423 30
315 625
211 832
674 56
342 426
859 124
346 89
458 703
628 266
467 839
364 581
510 863
792 290
262 698
799 238
358 787
397 609
795 562
99 385
407 456
191 369
360 947
678 845
511 660
458 480
459 57
545 192
8 431
853 217
526 817
963 633
144 543
142 62
695 854
619 628
624 583
394 823
839 107
826 786
463 887
729 69
602 765
158 808
992 657
98 44
607 680
984 53
115 230
499 560
814 313
121 102
878 353
98 270
852 91
838 82
823 298
218 919
331 668
279 404
118 740
410 293
734 304
220 140
577 928
407 560
561 135
126 34
550 896
599 609
241 741
148 311
557 847
423 335
732 53
733 876
914 966
563 302
922 461
194 932
584 228
654 956
637 97
510 665
114 222
778 31
530 748
861 323
367 865
699 168
6 377
445 951
963 934
531 810
159 661
493 75
294 132
207 877
392 140
88 539
910 338
158 471
803 926
74 530
147 930
667 694
575 98
632 684
961 266
599 376
692 398
469 293
505 185
968 686
561 475
646 459
632 154
433 706
879 388
469 132
1 902
146 169
432 837
705 958
525 426
657 819
324 307
643 480
37 81
476 599
848 930
23 386
631 937
777 362
464 923
31 631
934 816
427 999
179 817
531 452
280 622
266 663
196 596
435 456
238 450
323 619
620 243
982 782
274 969
849 663
135 776
945 697
823 861
474 628
456 471
240 638
903 263
373 446
159 23
804 216
384 631
79 332
871 224
339 499
730 666
366 920
756 96
524 350
67 285
512 702
695 135
76 597
704 634
724 629
78 369
660 221
438 263
423 81
962 389
140 12
198 979
56 840
238 432
459 389
498 101
817 455
651 771
911 381
894 543
441 771
151 696
150 981
698 312
161 396
846 973
482 320
7 581
66 3
105 575
234 861
163 725
660 785
916 763
703 221
686 997
708 613
398 237
381 779
402 144
596 518
703 290
981 76
492 584
160 525
259 438
188 368
5 326
317 84
714 984
58 868
192 994
1000 601
822 866
588 832
169 470
353 145
944 988
268 414
515 935
737 779
679 744
187 278
562 502
339 83
934 574
791 131
704 107
945 343
441 836
500 117
595 317
895 428
462 41
779 345
501 636
818 257
124 536
768 534
702 931
149 33
577 942
483 875
101 312
708 336
546 407
567 15
570 273
239 174
426 521
104 739
68 70
215 145
769 109
493 463
898 395
665 428
663 905
9 432
48 11
756 209
78 266
426 299
778 68
851 518
543 324
233 803
548 558
997 161
194 142
621 757
297 659
722 632
815 693
686 807
817 660
251 944
397 636
364 753
146 444
863 368
920 683
485 639
895 712
273 839
330 688
459 28
584 515
260 91
913 375
751 741
535 536
414 640
276 685
173 695
320 277
808 490
806 85
352 934
904 989
317 120
607 691
766 857
982 650
127 257
863 157
942 740
535 367
634 38
905 582
528 647
265 999
471 313
876 635
771 45
974 548
97 176
614 639
215 483
619 353
13 466
662 961
632 820
24 981
188 856
481 194
796 543
395 158
775 755
983 452
386 385
139 149
624 397
577 946
495 854
940 833
742 509
177 427
880 630
667 520
174 488
414 59
822 468
453 607
127 520
112 863
793 210
564 779
980 672
674 343
305 472
219 62
617 903
926 33
589 217
458 813
739 692
702 520
819 976
375 800
582 726
786 543
803 647
901 963
510 717
663 883
212 899
29 83
649 768
366 396
259 562
703 477
744 60
906 811
458 414
351 489
891 172
226 118
660 713
868 340
748 898
344 456
660 696
493 793
653 787
649 169
598 132
195 915
913 236
182 875
442 716
387 197
761 490
340 227
433 391
239 991
979 396
188 385
310 505
790 436
540 299
283 306
490 338
550 340
2 214
511 184
975 233
945 270
799 447
838 83
288 731
711 829
371 838
883 582
130 50
520 918
260 657
136 927
448 913
486 121
658 636
899 378
439 173
442 243
978 481
816 396
555 873
572 383
597 948
940 805
483 850
102 56
432 20
771 965
29 975
478 783
121 530
509 907
385 307
354 844
206 917
742 251
366 79
428 375
391 893
837 733
324 288
822 35
366 223
862 800
77 88
993 567
671 346
711 793
33 466
750 321
128 458
76 272
205 244
336 109
834 740
449 642
855 30
323 377
295 954
121 118
48 640
111 367
460 149
703 43
337 742
964 517
3 189
441 704
47 836
584 560
860 837
4 905
104 405
88 826
714 594
130 547
888 801
171 821
209 718
763 227
856 319
912 625
360 590
24 409
23 413
406 271
122 72
639 493
808 305
992 702
743 387
299 874
430 496
433 917
398 702
974 749
222 886
39 868
130 40
340 485
948 740
951 711
917 595
671 708
908 186
305 971
953 807
10 829
37 404
115 972
866 812
595 470
23 833
814 52
301 31
899 342
978 453
318 802
747 128
767 845
605 98
509 77
25 22
851 158
230 233
585 462
141 664
988 29
617 829
779 26
963 329
909 659
966 588
668 456
730 84
261 484
503 536
7 128
500 726
564 707
77 124
719 701
998 460
267 940
950 355
972 751
739 716
793 420
225 826
7 934
263 568
221 245
472 569
642 707
549 289
525 450
815 656
545 500
13 694
18 268
170 83
8 266
123 81
185 985
941 855
1000 301
873 545
60 469
591 939
722 838
853 144
101 426
278 146
829 726
759 202
597 155
339 647
636 887
88 901
674 660
844 324
666 612
889 341
601 73
676 413
363 138
862 96
121 399
138 727
657 56
767 301
895 248
471 898
182 637
473 623
202 407
298 363
153 873
64 92
27 832
49 264
451 652
409 868
879 852
10 693
343 357
275 811
37 392
448 985
158 660
654 569
108 872
89 985
509 224
864 465
453 489
242 620
447 271
12 472
487 574
182 40
384 159
183 257
461 95
33 696
533 251
103 639
107 888
441 60
993 639
833 706
372 620
45 450
854 696
474 328
307 551
54 304
864 908
119 346
122 746
431 718
74 841
440 115
556 865
629 976
764 28
473 493
366 352
114 457
819 773
483 4
235 615
769 601
28 217
619 765
543 923
213 100
64 699
827 676
501 345
709 772
587 488
626 334
973 763
998 927
999 639
411 254
329 345
917 824
457 257
682 351
757 953
135 655
992 372
253 746
218 671
810 443
963 206
663 939
525 619
383 162
706 340
175 476
692 554
309 842
999 689
763 727
927 294
833 747
88 477
311 29
409 13
233 305
175 562
676 117
666 175
92 571
366 998
628 509
793 32
978 28
906 833
500 872
229 406
410 528
536 618
518 209
39 840
455 533
160 722
290 109
220 750
663 940
651 108
107 868
155 966
781 902
907 343
836 311
910 602
340 316
271 996
646 48
150 803
263 512
87 348
589 58
518 510
850 550
322 79
588 743
185 317
872 129
892 220
113 35
260 56
564 505
708 702
326 297
630 507
722 782
84 267
454 141
221 654
256 830
9 730
411 414
243 447
933 113
383 431
779 855
528 597
992 514
274 705
978 557
391 410
563 125
1000 801
89 710
435 494
532 960
260 716
102 332
927 373
947 331
625 613
150 54
297 514
729 519
475 459
572 987
365 947
168 497
334 386
10 476
842 369
737 141
957 896
357 884
81 547
175 839
571 2
801 923
30 181
33 759
106 455
803 503
767 910
988 937
220 323
557 188
996 492
816 122
565 593
140 572
987 227
661 110
850 857
203 215
745 53
6 444
108 883
586 687
220 609
333 446
473 55
356 97
357 264
927 636
473 267
241 295
132 402
597 395
639 987
972 938
935 54
204 60
497 14
480 828
30 640
460 229
221 80
164 737
256 764
811 266
8 77
706 124
527 126
855 605
808 532
610 896
924 90
672 35
378 959
711 19
199 831
292 355
188 76
5 514
743 386
529 392
681 85
395 212
286 720
16 500
3 142
225 34
971 12
573 5
323 621
500 817
770 180
58 642
990 267
629 73
25 507
15 978
219 957
789 505
737 56
51 191
358 32
34 490
520 497
736 240
241 822
561 507
979 852
600 415
177 498
31 491
716 801
254 224
639 603
941 496
634 898
124 724
626 562
223 640
355 536
500 727
46 607
718 77
997 58
923 907
854 669
216 737
413 89
198 977
159 597
287 544
930 732
864 993
792 126
411 568
633 534
142 696
91 208
110 108
151 698
526 546
21 407
756 597
889 953
322 183
929 901
469 68
227 238
105 718
269 493
217 4
398 243
294 896
425 55
703 300
320 267
178 937
911 819
274 468
743 704
105 932
433 637
142 359
135 462
936 340
667 452
204 531
853 497
800 227
142 278
718 817
312 416
758 54
944 990
748 120
183 815
566 780
973 875
376 32
377 138
17 585
433 168
306 182
549 202
608 538
258 53
991 549
649 700
230 473
338 502
772 155
508 731
554 739
645 712
25 471
337 421
597 591
121 382
272 264
951 456
202 729
556 504
738 503
371 194
667 945
463 274
676 466
215 333
733 176
154 708
646 947
422 873
667 558
745 322
599 555
249 531
750 941
567 9
606 561
367 487
511 209
507 290
343 94
205 89
546 255
342 274
695 282
219 69
113 762
794 633
816 913
484 103
176 304
677 848
258 176
310 943
591 586
594 282
119 341
368 615
80 43
78 554
924 990
212 984
527 355
289 337
555 26
976 501
651 527
47 910
655 207
843 871
554 478
277 917
648 791
117 598
544 344
411 979
29 256
912 668
569 251
222 499
260 212
709 771
86 322
126 879
41 451
593 542
795 230
616 329
341 368
434 178
435 247
74 413
737 587
981 732
965 715
732 714
87 989
625 286
205 838
880 433
191 867
896 893
680 964
15 508
224 320
562 408
316 656
343 585
164 76
370 873
249 860
358 142
268 226
842 203
550 520
577 622
871 979
652 120
509 131
555 783
771 858
920 384
975 474
29 636
841 898
591 234
6 852
278 681
228 972
569 520
655 587
716 873
970 585
284 989
814 71
855 278
196 241
180 542
586 569
720 507
899 964
705 672
971 363
536 413
450 992
168 993
368 260
837 537
821 388
270 442
59 15
78 407
337 879
925 102
267 580
770 890
406 805
775 484
613 887
891 158
394 577
915 33
792 340
78 689
743 981
411 782
138 586
952 26
520 382
784 160
939 372
43 699
317 440
943 356
236 168
164 605
240 171
18 662
838 661
161 517
182 873
365 477
294 859
278 444
173 554
786 387
753 892
61 149
688 993
532 469
268 465
487 223
933 449
700 460
774 975
520 186
118 985
466 342
283 308
178 34
287 324
132 913
953 920
681 393
735 858
921 442
758 233
68 437
359 118
625 612
455 931
496 592
761 36
376 6
563 794
246 393
550 564
685 339
172 298
465 304
709 93
641 725
434 621
537 484
186 250
442 96
375 706
232 596
477 640
457 933
849 475
668 953
6 816
353 756
925 733
101 382
903 932
620 590
345 644
789 55
332 902
735 223
150 627
985 852
106 343
822 33
955 384
364 25
69 566
759 527
118 247
980 932
820 945
272 939
901 336
78 499
545 494
359 786
397 561
91 868
366 430
893 783
81 334
891 221
397 642
181 795
511 548
220 823
995 363
8 511
941 881
345 98
597 276
655 436
805 359
856 422
620 298
126 679
786 84
886 200
331 369
99 237
982 688
251 422
235 989
877 294
311 384
95 377
691 458
217 491
18 652
679 705
791 11
739 298
563 88
269 797
865 128
314 646
153 828
538 521
32 655
609 155
438 815
735 719
629 72
480 81
852 489
123 831
325 407
757 436
244 25
230 28
638 361
79 889
396 710
55 67
314 75
704 351
689 13
637 335
200 46
607 807
665 36
902 331
371 7
353 528
673 625
927 172
31 379
623 813
534 262
112 921
945 837
584 3
750 752
932 581
266 707
799 575
357 474
730 868
569 290
654 342
919 978
780 736
52 319
211 251
555 160
189 610
6 344
782 457
384 608
368 575
961 378
320 622
824 174
860 692
511 728
575 387
610 562
97 749
388 462
636 770
198 301
515 637
200 934
75 50
442 787
668 5
250 52
235 808
585 880
443 679
245 255
710 283
455 692
99 547
921 592
672 302
680 92
433 350
911 577
861 822
18 607
828 161
334 686
69 138
447 885
287 199
16 465
976 77
814 231
619 125
250 488
272 250
92 283
595 661
723 171
616 953
301 1
582 146
766 335
380 542
162 713
235 261
817 316
646 160
727 608
728 642
202 10
737 180
495 172
975 374
764 747
357 139
165 578
491 583
962 706
987 189
258 70
43 261
634 790
713 413
463 365
312 354
630 934
466 67
371 769
618 258
621 609
413 60
803 748
881 764
422 298
315 966
55 882
587 942
721 164
649 327
941 919
191 200
663 992
373 527
962 57
61 296
53 280
647 602
924 253
110 663
302 569
782 199
584 586
787 175
62 345
672 253
265 697
431 12
89 93
87 766
491 273
734 367
190 854
574 244
978 805
613 594
530 6
14 399
786 412
400 367
990 900
369 590
614 784
942 747
778 840
412 734
886 68
409 320
509 80
726 765
141 137
14 681
182 607
158 777
292 11
649 590
232 972
283 728
909 132
583 301
219 710
588 581
294 946
331 756
297 548
795 293
279 396
871 502
141 363
93 82
334 101
520 588
278 844
226 785
11 835
512 940
750 876
197 148
428 104
177 424
385 370
996 635
465 501
968 28
841 887
77 288
642 255
519 30
997 992
821 274
162 145
312 382
782 268
663 799
254 618
354 632
837 937
847 610
220 957
223 270
280 506
726 768
78 83
303 422
323 444
752 538
169 966
886 629
43 813
63 294
85 218
437 976
514 978
878 409
373 735
434 373
805 322
758 290
777 481
853 86
800 78
951 937
53 542
78 963
248 534
445 452
330 4
667 399
743 408
264 490
970 244
623 786
866 37
39 893
724 443
338 394
268 417
452 646
285 449
771 10
844 620
97 209
500 138
303 681
519 553
690 473
822 762
183 52
404 839
118 619
183 297
125 261
163 56
799 635
798 386
546 619
251 689
547 184
903 61
48 71
392 409
676 841
290 28
755 976
243 228
483 565
357 84
334 45
293 828
241 507
572 537
573 816
831 316
744 494
780 622
531 592
702 555
301 670
859 72
863 653
740 88
318 50
377 598
33 162
459 72
665 933
833 347
248 997
851 910
85 254
412 66
160 43
695 769
61 869
355 152
1 603
982 471
714 593
643 599
492 39
244 640
795 816
249 366
212 358
828 8
567 304
957 28
953 995
743 559
191 708
268 359
985 211
902 153
364 248
369 534
117 464
174 905
875 268
838 400
987 871
588 574
572 155
921 405
357 547
747 103
841 238
624 234
719 235
793 851
22 47
28 756
395 219
13 360
269 766
934 752
408 286
742 297
944 368
62 911
249 644
304 110
175 869
971 998
816 137
176 40
820 705
68 110
340 779
659 709
616 833
517 687
849 343
814 759
48 498
46 605
267 848
529 645
984 677
557 303
560 29
211 911
693 287
768 74
287 546
372 946
555 274
703 874
216 658
12 891
53 97
453 967
591 737
964 469
416 195
271 79
793 961
114 416
852 662
415 880
416 50
864 688
42 20
696 105
643 546
576 719
522 749
464 605
623 358
285 577
967 101
550 215
807 620
79 549
172 487
139 848
584 781
288 346
36 680
398 787
278 357
80 540
92 583
78 809
278 212
906 662
852 185
999 826
875 232
500 977
771 53
754 679
437 206
611 818
597 875
726 577
430 130
306 180
934 562
560 671
979 167
357 583
563 804
213 739
352 969
185 686
240 527
975 83
961 737
46 445
304 300
1000 964
729 637
417 515
931 102
839 657
77 426
918 785
477 496
408 233
255 674
374 884
128 248
77 315
776 1000
542 991
391 817
985 866
34 371
897 84
937 903
310 131
797 691
360 384
587 835
200 297
717 508
96 394
759 577
446 210
963 68
195 494
412 2
200 440
953 222
374 20
21 694
205 506
82 580
217 731
270 335
76 170
595 766
464 396
707 472
706 471
838 882
588 333
934 289
829 597
726 199
996 480
256 115
593 370
905 142
485 928
183 424
288 356
296 371
326 492
263 989
303 80
251 259
752 300
240 16
919 298
460 525
192 851
946 324
148 110
934 237
717 755
866 175
769 80
467 200
71 314
974 697
773 562
279 169
780 338
49 728
800 368
583 159
896 895
988 493
976 892
455 552
740 906
853 757
957 97
952 666
956 226
794 197
614 450
746 730
483 412
106 189
468 452
885 181
39 899
248 38
600 315
799 229
750 877
868 392
326 569
55 21
332 702
741 598
827 85
991 846
486 258
380 769
306 668
272 532
777 761
620 763
42 537
198 96
264 531
600 887
122 496
935 297
313 42
276 154
958 922
461 162
907 328
447 147
731 12
882 176
280 332
669 206
594 307
691 938
980 927
983 402
34 839
143 219
379 204
775 486
501 631
764 35
983 259
324 908
697 110
436 198
75 179
665 968
651 557
428 866
285 999
308 874
105 644
203 51
714 909
342 986
769 836
293 14
22 964
445 451
212 434
839 247
109 982
960 436
635 370
6 710
454 418
844 542
849 908
791 993
648 369
446 838
749 663
254 271
715 267
240 873
594 600
480 216
944 631
448 870
175 509
987 651
257 768
874 178
738 347
776 612
117 142
836 956
20 291
819 646
474 925
951 413
228 652
300 241
796 750
49 55
695 576
15 878
698 940
989 251
96 118
116 121
894 40
630 747
276 489
298 609
301 750
262 204
870 49
564 288
280 651
68 11
716 398
457 564
189 777
462 263
30 203
272 655
772 792
846 169
759 920
426 348
318 326
339 168
859 46
128 462
918 741
410 900
674 89
52 293
345 469
463 321
485 472
959 40
797 413
432 547
473 441
221 811
521 331
405 752
912 824
858 12
644 391
973 461
96 783
869 652
427 489
856 741
599 375
913 418
108 306
554 404
259 304
132 66
373 690
563 414
946 554
378 216
421 247
217 94
421 108
888 805
672 38
268 657
986 906
680 721
783 387
23 14
979 428
743 447
877 437
457 442
224 411
169 270
960 15
414 798
303 735
767 410
714 18
143 774
409 168
176 749
748 309
960 673
736 405
576 78
614 394
707 756
157 145
571 325
439 141
182 439
980 534
819 531
548 115
794 264
224 967
577 965
742 441
29 546
538 984
78 17
171 721
334 191
343 439
475 103
718 33
152 2
234 386
570 88
58 180
95 187
189 670
134 1
565 803
661 240
664 12
525 801
879 180
431 375
384 755
8 703
371 581
686 780
265 80
231 427
865 939
94 551
721 250
691 531
917 105
472 859
513 731
829 673
868 153
376 934
854 92
341 7
434 427
394 13
405 837
838 298
259 300
226 969
902 582
818 517
907 860
13 997
305 407
973 723
902 721
892 485
655 659
718 901
311 625
64 178
529 472
676 409
329 306
3 49
887 723
869 868
687 232
232 978
619 238
891 517
340 261
107 18
35 533
933 360
226 508
174 132
736 433
148 551
188 800
241 406
252 184
193 670
675 270
935 960
681 737
186 193
831 691
593 983
728 644
15 934
168 603
392 815
484 445
266 200
489 1
343 490
128 249
492 708
750 547
827 278
906 907
101 5
284 619
285 478
884 348
229 161
11 370
333 436
437 436
340 362
591 599
560 393
446 162
413 427
471 545
220 987
315 841
264 805
549 145
411 694
821 79
365 67
220 842
403 474
764 399
549 629
380 384
734 563
463 635
464 683
563 425
801 364
35 832
270 25
810 242
313 570
407 857
930 699
143 698
277 884
501 214
28 202
51 27
89 460
333 261
335 339
264 496
364 193
47 619
630 44
505 493
788 838
40 38
614 624
260 555
300 1000
373 174
552 129
862 354
614 451
338 198
469 876
37 424
621 653
496 902
278 834
291 469
366 635
239 491
854 796
768 759
785 559
589 609
954 238
405 761
940 973
889 915
320 539
267 189
569 525
91 337
286 122
287 711
918 623
759 951
634 808
854 617
869 335
290 472
842 797
699 892
722 311
372 588
780 731
76 376
646 52
742 909
534 814
551 233
132 329
688 457
981 700
61 780
747 950
398 396
717 850
593 460
170 23
544 264
913 453
17 648
790 781
611 288
521 8
157 611
103 133
808 572
240 174
361 472
688 646
212 332
948 376
142 179
41 60
957 246
600 465
887 373
264 285
622 642
614 818
583 237
641 878
108 147
71 281
923 168
173 457
871 310
377 214
642 368
18 566
537 606
8 119
996 965
795 402
780 454
693 931
965 974
606 944
516 472
970 386
98 763
926 713
121 330
654 586
303 536
107 363
797 622
176 880
385 20
426 680
758 569
546 617
214 731
585 469
343 317
367 427
940 945
395 422
872 519
305 366
197 936
897 98
914 960
457 571
367 24
941 281
360 330
950 489
988 852
238 303
142 561
676 553
492 718
358 983
552 870
772 575
702 440
171 176
742 937
173 719
449 310
378 404
160 847
74 909
327 301
590 333
243 546
261 79
63 503
930 430
184 52
76 66
350 865
221 744
959 777
172 685
636 138
565 130
237 465
735 342
249 387
502 991
821 857
456 803
131 269
632 912
729 58
765 844
469 383
397 498
635 422
936 380
40 817
386 837
668 83
230 580
231 277
341 309
507 533
956 982
79 865
524 562
65 307
583 209
472 299
843 364
184 735
884 276
931 641
753 639
990 380
19 567
124 812
486 911
13 277
770 176
130 19
478 547
600 325
158 701
733 55
171 390
745 903
641 310
976 675
222 695
95 335
673 645
157 492
143 947
861 260
609 491
324 505
551 621
846 27
742 152
600 781
958 902
401 740
474 434
372 533
724 738
690 910
707 130
848 290
915 783
589 156
871 309
646 117
538 618
479 820
225 829
247 312
711 649
488 409
384 756
670 246
748 658
160 875
927 749
397 594
199 330
345 453
311 908
739 977
596 814
378 283
34 767
238 775
322 783
754 753
681 345
561 934
605 292
511 682
122 756
441 592
354 243
773 826
139 850
156 812
507 105
400 262
683 965
813 910
207 387
688 989
908 998
771 422
554 826
104 993
156 754
32 960
897 717
786 345
400 36
753 650
151 457
770 229
735 671
266 516
908 91
432 356
710 75
326 832
183 969
701 839
443 100
210 937
121 258
89 988
733 27
475 311
591 109
738 499
41 577
707 608
600 464
358 448
984 559
342 96
681 625
385 92
645 982
633 264
148 245
918 977
354 926
372 331
724 544
621 828
825 719
842 663
99 942
63 843
374 586
589 303
773 440
392 413
302 896
530 671
803 657
882 138
393 901
752 866
604 963
61 600
8 348
280 481
666 518
724 783
674 241
693 19
677 702
894 908
215 579
561 641
321 85
839 495
973 613
709 783
639 578
933 247
401 46
679 471
347 790
903 995
226 93
479 381
563 326
32 782
182 816
903 880
921 69
748 201
273 133
516 199
701 93
153 991
300 602
508 789
490 376
219 682
786 246
662 872
221 504
205 979
991 756
192 226
361 749
952 668
554 560
774 769
520 992
822 541
913 727
680 230
537 355
353 770
427 519
600 317
563 691
28 914
842 326
935 999
546 578
555 656
383 523
920 307
922 321
444 669
874 70
858 579
672 875
219 135
3 646
833 903
746 156
335 908
239 57
59 687
405 919
9 470
211 984
879 292
994 869
186 294
582 712
881 669
73 936
479 780
405 617
375 175
674 162
54 384
96 758
688 458
711 486
455 164
147 911
223 152
351 471
136 156
228 354
342 254
345 10
643 751
437 135
882 995
644 188
235 727
131 272
649 211
407 167
526 171
964 67
352 600
597 15
784 597
711 42
783 435
644 993
586 605
848 588
62 602
31 553
641 877
549 940
342 698
456 629
990 246
149 574
294 569
443 849
5 954
559 7
357 699
359 29
490 348
573 167
652 314
505 377
210 990
399 856
115 871
63 719
266 943
759 629
182 203
980 492
486 349
197 774
47 46
720 701
3 597
371 47
585 421
626 523
241 623
665 509
30 201
712 32
988 853
293 825
2 566
205 29
480 612
137 261
963 113
499 515
489 762
785 965
950 409
241 329
518 189
522 176
6 481
48 311
485 334
830 370
703 960
542 70
963 943
450 102
158 335
867 406
106 995
203 866
864 568
976 34
26 809
924 770
467 729
800 850
142 963
860 684
311 984
534 789
317 359
857 338
926 247
713 918
277 969
994 333
47 819
554 72
436 506
226 914
188 157
109 711
94 133
576 900
87 784
348 528
518 938
978 635
336 825
486 674
69 346
424 207
387 453
546 966
529 28
586 455
182 538
274 945
115 549
335 40
945 300
306 286
737 962
184 830
150 922
905 866
106 243
145 565
993 169
496 975
137 869
944 371
874 274
582 197
14 817
846 382
353 699
121 583
862 996
978 225
484 362
176 43
396 544
517 684
185 851
202 787
332 934
337 120
854 551
328 837
719 699
764 98
102 651
695 418
113 674
519 240
159 737
18 503
69 984
659 130
532 252
401 406
848 57
411 861
873 922
584 707
536 870
47 870
378 139
714 737
702 6
795 864
479 395
744 792
147 677
894 851
302 554
47 68
430 308
704 364
454 206
75 135
188 510
939 606
389 689
230 609
196 913
89 359
127 251
666 657
792 844
939 751
841 429
714 165
307 329
166 37
404 693
574 393
329 18
662 828
151 313
470 782
348 905
24 623
391 255
470 668
325 375
940 852
228 582
410 407
84 738
766 450
548 145
931 107
42 782
285 873
996 579
427 824
516 880
585 492
396 629
751 475
770 294
76 737
383 999
922 413
45 282
945 788
312 503
366 814
332 970
634 786
375 853
727 160
820 966
163 561
459 422
441 951
184 473
445 903
262 839
961 12
581 555
51 560
566 145
824 368
678 639
170 174
194 56
893 506
472 906
824 223
492 309
989 903
177 385
48 989
979 640
623 326
593 375
852 548
635 156
946 609
73 682
30 210
933 869
296 374
756 852
375 270
634 992
507 123
121 659
531 295
515 746
681 246
2 445
44 818
151 14
19 521
730 393
569 679
127 159
278 247
637 862
467 186
804 347
572 239
900 694
274 659
321 513
676 157
624 166
649 707
880 43
672 556
269 690
879 999
644 578
888 394
944 684
67 559
654 543
768 602
732 779
750 684
328 193
955 44
399 640
116 96
44 261
742 500
638 165
784 212
873 500
198 996
508 329
290 244
135 327
900 277
370 294
595 867
577 828
154 615
195 145
668 743
551 564
474 504
458 965
206 819
656 572
270 524
275 374
39 241
507 676
557 372
63 255
