967 1918
827 476
212 438
893 83
694 108
497 930
426 789
886 50
635 203
351 562
907 191
582 704
843 576
316 442
910 726
875 656
235 170
533 373
2 73
776 964
941 694
432 389
824 113
787 538
572 284
595 24
10 789
617 11
356 121
770 718
737 820
349 753
818 15
271 682
533 195
500 5
727 710
230 410
881 488
899 172
942 857
392 21
676 919
109 18
863 441
39 156
632 352
354 219
673 767
768 26
143 130
936 325
186 118
869 430
581 340
329 408
603 637
610 891
284 574
939 586
166 404
61 162
125 559
132 521
443 878
137 405
908 743
405 484
507 397
566 531
787 226
850 870
850 479
795 354
62 274
673 609
339 30
819 360
555 958
762 937
727 259
31 205
713 497
815 940
816 523
552 960
811 758
489 97
298 792
815 666
619 782
654 884
821 935
346 467
37 259
299 581
86 529
962 943
563 884
855 882
602 786
215 100
642 125
461 344
884 952
319 822
410 866
966 887
221 398
189 762
795 451
571 949
930 696
940 595
803 551
346 333
610 645
649 30
869 224
745 18
34 913
142 438
553 698
365 285
131 816
299 492
268 885
932 38
608 47
112 457
939 611
27 486
521 204
171 557
812 565
46 374
535 58
682 524
439 820
168 958
502 38
288 232
698 308
682 927
617 815
780 807
33 209
336 384
480 100
559 211
785 926
768 69
572 205
669 838
328 791
309 886
272 899
868 941
679 119
365 416
385 354
353 312
724 281
851 403
855 491
343 648
295 613
960 511
815 51
583 872
472 671
523 681
283 140
952 642
159 296
201 786
377 512
102 802
753 816
849 516
228 297
175 345
216 305
342 762
329 137
828 815
578 694
651 155
82 585
728 396
937 717
386 646
350 111
188 288
765 138
787 463
106 223
126 26
885 343
741 498
597 349
288 586
532 488
131 900
204 758
202 372
411 65
565 352
626 133
95 730
30 185
29 248
324 479
775 86
366 765
312 617
413 596
747 521
71 313
922 34
812 459
686 163
399 680
564 548
67 4
910 584
97 378
134 703
158 380
660 425
182 61
884 946
612 930
98 174
958 280
814 694
93 84
350 919
151 9
869 377
509 132
920 116
727 580
299 740
598 886
492 518
446 740
621 735
785 708
58 725
77 877
960 308
585 220
694 708
552 19
221 152
918 619
544 765
488 206
95 421
70 664
847 600
165 823
403 715
61 955
595 552
559 534
876 301
713 661
18 603
921 457
577 819
191 697
326 464
637 84
292 876
157 101
452 106
754 300
22 598
232 500
286 209
112 846
760 501
189 80
906 287
930 818
736 825
58 797
233 658
464 832
15 142
552 400
623 784
120 701
599 913
90 598
146 804
308 299
116 595
500 136
493 87
573 689
189 105
46 568
554 698
204 554
850 277
708 64
528 17
387 491
189 128
174 410
674 67
949 203
188 133
341 704
12 813
87 363
72 75
296 830
391 177
638 484
267 818
107 947
324 710
618 902
144 188
441 251
654 310
838 51
732 594
364 532
766 796
165 575
312 118
3 273
912 965
437 642
2 564
427 500
229 544
897 862
627 629
494 444
871 236
233 739
794 810
444 269
27 832
486 293
329 845
685 551
584 681
163 92
823 879
720 25
421 321
294 721
796 819
156 37
43 669
816 257
435 458
789 210
519 329
261 926
814 202
764 574
428 349
620 713
787 21
274 854
99 429
444 618
25 584
504 714
300 782
250 367
5 338
869 915
726 307
395 698
506 139
822 552
204 41
594 20
407 388
220 726
738 791
79 166
816 416
392 509
638 147
434 437
851 837
508 350
923 142
600 614
522 481
156 10
358 261
343 516
309 916
129 249
438 365
24 540
689 862
190 680
35 188
295 544
673 408
674 947
344 274
73 917
117 94
237 330
638 944
5 799
30 340
76 952
572 21
775 656
355 518
184 211
241 38
104 362
675 405
896 454
165 864
92 363
421 12
740 145
602 267
127 276
293 695
793 156
501 564
448 21
670 704
286 789
238 472
661 173
923 17
319 57
585 965
587 179
952 532
136 44
743 300
781 79
325 536
915 322
455 389
95 727
184 708
110 778
705 27
709 398
51 450
141 925
490 902
627 695
520 144
956 313
886 117
227 5
889 701
709 31
24 858
600 13
342 508
308 132
903 437
651 702
700 674
408 866
537 357
593 854
154 242
840 805
967 372
516 553
777 930
667 911
45 676
763 499
734 16
883 758
719 356
557 874
47 283
215 304
754 408
292 559
596 395
942 635
375 117
450 537
966 470
548 821
440 768
366 823
926 53
267 872
71 312
634 853
367 284
99 553
33 608
571 573
500 181
74 309
418 470
517 501
167 682
905 806
66 945
459 191
45 411
873 42
721 628
73 415
629 178
665 873
133 776
863 743
726 66
115 622
702 406
333 369
525 29
105 466
329 934
351 349
104 705
698 546
509 854
185 717
840 134
64 771
781 767
911 401
289 930
440 306
404 341
377 199
223 803
915 765
273 74
796 162
396 349
348 467
687 525
583 684
179 282
699 880
648 766
81 441
870 182
945 442
935 872
488 69
444 663
504 528
802 801
332 912
483 516
910 177
676 681
592 105
172 888
68 825
180 659
823 747
608 809
127 707
920 405
9 301
799 325
657 956
140 800
295 889
740 218
686 736
746 427
396 508
587 396
649 801
501 635
50 644
750 717
142 41
891 188
227 84
339 622
874 47
893 332
753 505
868 577
890 690
733 446
643 74
790 175
774 736
351 780
377 590
404 845
480 608
9 462
522 180
244 911
510 346
405 641
468 523
89 576
552 104
313 290
521 325
669 69
463 442
50 877
721 939
101 89
806 177
663 370
319 103
957 933
404 170
667 330
812 292
501 677
585 792
449 443
911 1
293 815
865 422
79 211
458 317
644 872
442 125
927 22
368 192
126 863
480 279
560 332
407 883
873 795
218 192
290 725
699 410
840 796
567 461
950 511
515 251
790 510
84 706
852 613
526 681
226 639
824 312
371 321
226 27
465 817
689 804
507 871
617 93
82 797
21 659
478 833
262 274
546 393
430 115
808 522
23 687
782 457
858 115
162 497
54 734
95 776
650 266
670 727
486 704
512 295
401 728
684 29
336 435
652 860
634 876
908 392
342 377
472 200
933 837
627 592
831 528
508 878
550 214
716 285
298 585
359 815
235 383
912 793
216 438
821 231
234 835
695 263
954 338
20 13
81 105
192 687
637 745
213 87
144 706
881 706
474 40
101 865
714 639
93 648
758 209
444 297
590 161
880 879
12 433
337 111
799 262
610 597
404 427
461 134
136 94
465 195
13 83
304 452
947 282
872 604
657 782
753 274
590 447
138 19
726 880
531 536
566 420
26 653
5 599
764 485
486 137
72 536
805 523
575 271
776 799
156 450
620 638
574 205
462 906
174 735
68 499
216 81
287 147
254 919
778 251
84 645
111 684
644 938
848 517
161 818
496 26
527 620
44 57
525 123
430 698
314 806
499 286
446 385
606 777
791 962
631 212
891 702
658 885
564 951
229 363
267 585
586 19
260 696
249 296
716 962
329 320
100 367
82 859
862 69
627 135
756 370
921 883
731 70
144 948
23 356
411 667
587 546
625 705
355 595
228 914
873 18
417 545
683 475
935 302
80 319
256 325
353 394
687 144
734 537
802 807
24 550
702 361
254 947
519 23
81 612
262 435
263 341
821 641
916 1
129 849
956 936
122 676
525 787
570 339
716 726
311 324
314 728
150 66
133 325
579 86
780 679
517 788
152 652
52 730
898 51
385 343
849 138
600 620
870 223
871 114
642 633
886 416
797 283
214 375
270 308
944 236
590 904
826 793
315 247
922 21
24 112
320 565
49 540
267 831
747 930
366 678
679 580
371 268
782 489
37 735
332 673
115 787
66 286
430 77
162 951
129 105
70 231
155 151
183 331
740 792
124 150
730 388
272 654
700 364
960 385
64 246
718 258
375 912
909 504
696 70
933 935
532 865
69 673
492 918
151 656
944 612
32 280
892 457
200 643
772 716
521 324
467 680
192 328
416 22
596 895
390 352
299 886
253 73
717 446
386 110
482 967
229 297
642 715
222 797
247 783
786 904
598 278
558 865
2 407
114 262
738 771
41 597
212 68
394 764
679 181
521 961
611 790
871 344
284 726
158 854
788 892
151 678
148 608
650 195
392 666
251 599
233 32
363 267
245 350
730 747
461 225
227 844
287 895
606 461
860 965
926 732
565 514
84 551
739 934
721 215
210 629
392 165
247 71
194 113
692 666
506 918
679 609
357 473
655 934
949 714
700 487
95 597
351 513
67 802
489 47
695 470
491 713
954 163
690 681
841 723
364 86
798 852
379 850
8 604
604 214
704 564
739 12
414 795
770 422
702 3
406 716
528 866
247 866
865 838
305 175
133 413
851 286
899 663
132 536
296 181
500 551
856 397
696 310
90 745
898 913
702 187
387 431
504 807
13 89
90 669
508 105
383 620
223 406
823 505
565 878
115 572
541 265
925 547
835 756
419 435
459 728
595 810
746 194
804 105
861 72
185 543
644 933
443 812
480 530
343 161
721 17
815 374
680 96
590 269
721 735
870 504
267 690
700 888
773 228
677 421
155 846
639 869
198 629
664 568
292 439
573 2
666 81
336 596
80 665
910 637
503 697
17 136
826 340
171 674
427 131
600 953
117 216
500 208
561 562
49 965
543 614
394 30
747 388
595 6
128 569
148 564
238 743
484 844
932 468
2 324
601 676
920 589
763 63
176 440
894 109
26 439
496 505
318 871
686 488
12 559
489 219
619 668
132 113
915 490
292 961
702 856
174 639
86 347
415 627
612 941
223 452
307 234
279 508
895 762
472 377
151 123
579 785
857 109
928 780
493 581
695 418
926 37
912 884
731 322
953 137
168 430
519 174
403 609
322 734
677 882
240 891
298 282
228 2
122 371
676 861
904 417
246 698
783 797
445 709
355 421
174 875
624 549
145 423
280 879
389 398
27 903
345 783
454 684
805 156
121 959
310 206
136 327
160 739
400 851
591 280
961 314
772 953
497 748
277 619
439 652
286 198
173 458
764 280
250 335
178 32
248 144
308 310
38 934
900 82
740 942
137 503
710 2
766 127
915 192
333 160
155 58
91 466
294 30
553 601
306 942
941 707
835 64
283 271
218 828
643 63
42 276
651 175
908 137
505 201
505 951
147 742
425 309
821 191
877 306
476 896
721 379
667 963
801 861
430 490
72 300
865 283
296 10
367 682
816 859
345 469
474 646
700 518
603 82
231 480
557 661
378 620
514 625
848 234
816 446
400 192
273 342
60 896
573 953
67 846
156 88
30 929
169 520
370 494
723 740
150 400
688 673
952 790
80 902
142 964
609 676
42 56
773 536
62 901
121 463
836 501
146 577
924 61
514 801
274 947
745 696
172 636
139 499
712 409
552 685
455 314
647 38
609 10
882 451
544 214
710 327
362 938
656 452
286 147
890 724
154 545
397 485
163 510
44 427
209 55
63 483
31 191
605 539
897 248
347 161
147 627
497 391
429 496
142 524
370 392
116 164
498 555
903 653
749 34
345 305
56 647
91 213
3 225
209 161
796 117
11 730
333 183
656 815
586 535
842 637
130 228
334 380
652 161
122 948
55 745
919 547
921 128
967 589
358 465
372 642
176 413
166 662
80 57
26 592
361 666
292 307
919 374
262 480
279 905
691 536
528 470
913 652
71 668
7 771
123 475
587 805
606 674
409 846
564 902
412 922
913 63
680 549
625 593
472 954
203 826
771 681
648 925
149 261
480 127
152 716
783 166
363 449
328 50
627 544
594 286
102 964
550 730
911 770
308 757
418 456
813 315
45 284
105 49
954 499
315 762
891 142
448 158
255 764
302 423
710 53
620 632
786 583
52 842
453 20
553 299
662 381
703 579
758 746
174 733
127 850
460 217
174 844
573 153
473 98
879 499
496 338
847 26
760 180
381 511
174 629
333 50
436 526
266 560
413 703
860 181
829 24
850 306
599 327
820 144
923 204
173 485
102 469
233 221
434 326
549 26
520 475
373 883
861 137
776 926
30 229
486 411
966 913
390 648
526 499
571 202
223 621
297 708
160 98
536 817
259 931
880 821
625 953
574 851
696 829
534 716
849 715
796 360
597 62
391 677
876 11
89 335
773 413
580 775
619 740
287 339
768 251
531 788
777 737
542 803
249 883
743 413
411 374
841 414
608 789
881 73
864 399
911 967
687 876
410 622
891 564
755 964
629 931
467 707
569 287
556 130
647 544
482 754
788 296
966 320
859 390
148 327
645 15
224 618
532 90
932 796
646 38
68 730
680 765
632 128
961 244
468 473
807 443
95 271
139 180
639 322
783 105
552 411
422 750
8 526
476 680
956 47
379 962
711 136
192 243
591 376
886 347
303 771
542 722
191 801
582 676
117 514
151 732
525 828
453 91
168 538
47 152
512 20
722 240
102 790
394 608
930 430
17 46
827 765
312 542
828 900
605 107
88 831
841 282
652 889
199 462
310 56
510 789
404 181
5 145
596 20
840 67
925 64
929 5
912 59
648 48
1 698
777 42
241 659
615 62
797 183
588 681
793 944
811 749
452 740
401 95
335 41
541 878
143 12
845 418
96 687
481 919
724 258
65 848
731 263
159 790
709 739
34 486
489 750
616 212
482 600
533 300
274 478
576 610
386 17
357 229
875 478
486 459
768 116
604 56
219 950
442 155
460 270
885 672
123 460
237 444
702 453
575 931
64 67
764 134
767 966
129 567
172 38
193 530
804 601
507 587
880 884
917 806
84 183
147 635
352 743
948 900
625 462
557 49
411 431
503 861
307 580
87 727
309 158
366 940
408 12
617 357
107 429
476 126
648 919
174 824
694 484
329 305
148 392
276 325
791 358
834 17
639 710
312 198
321 392
909 157
824 812
933 641
237 319
94 216
371 594
139 286
897 750
825 121
437 136
93 75
333 103
69 407
721 437
587 38
37 516
242 931
546 574
29 266
488 127
757 656
518 726
524 233
55 727
403 538
935 347
193 741
115 948
885 216
559 236
463 374
423 410
518 245
645 499
649 61
64 48
212 223
434 881
326 364
643 113
865 44
390 842
835 318
356 848
559 90
392 388
214 343
490 932
531 70
698 416
276 894
830 246
72 38
309 263
850 566
379 920
782 601
287 133
121 840
234 28
57 432
938 491
464 61
303 801
385 618
331 943
632 427
775 349
626 812
326 328
880 831
477 159
443 19
650 153
191 694
603 292
450 620
752 751
771 378
720 77
869 169
947 742
657 135
199 760
242 400
705 147
356 67
412 410
53 851
263 68
596 227
197 120
931 149
682 878
424 626
684 459
406 806
478 595
127 317
382 766
797 810
256 542
798 428
726 89
19 833
638 864
682 19
630 816
346 375
27 202
906 142
138 673
175 804
18 907
366 861
330 322
739 47
62 448
963 269
838 860
638 905
421 461
916 157
296 136
99 390
285 442
623 347
415 516
752 507
806 898
53 490
861 301
646 525
453 240
667 823
84 126
961 549
323 83
485 960
552 6
347 572
276 624
373 111
64 789
337 782
876 908
610 74
892 780
696 757
714 252
517 68
452 469
175 64
164 108
823 336
844 845
944 156
564 202
470 711
879 617
791 589
738 443
873 750
113 798
755 155
904 30
850 637
516 448
687 281
823 169
130 333
419 905
426 346
355 7
872 251
815 140
475 827
59 462
46 184
639 652
291 764
809 306
99 155
528 358
654 426
931 182
589 398
458 557
936 512
408 815
228 439
746 814
955 832
226 688
604 892
707 559
272 791
645 564
955 945
423 639
409 879
784 856
842 904
43 414
7 123
321 347
265 758
123 262
76 913
592 271
830 452
374 437
331 777
725 808
890 95
468 764
179 749
862 594
778 8
418 878
728 594
303 162
824 326
914 923
719 289
354 557
944 960
531 244
309 376
348 632
153 177
50 462
791 812
826 939
633 847
282 141
528 685
857 791
844 110
827 46
350 227
760 437
939 934
837 223
33 217
346 896
232 338
729 180
363 146
699 765
450 168
160 558
806 533
793 512
205 327
304 910
492 578
809 302
460 32
958 372
541 895
413 374
732 67
39 412
799 284
360 867
567 784
625 380
833 753
874 238
395 91
641 202
573 101
97 351
583 769
266 87
553 327
511 907
224 821
388 582
245 251
687 451
786 689
895 785
183 693
116 706
244 901
231 137
765 518
161 803
476 336
810 592
379 586
311 731
732 509
27 668
203 828
86 107
135 16
186 207
688 543
124 535
659 443
96 613
939 430
491 295
418 29
577 186
390 522
711 953
768 779
460 220
478 519
284 613
629 162
902 85
893 900
849 964
648 228
373 879
748 959
686 814
103 86
501 435
932 541
458 62
223 167
150 141
741 363
125 785
47 917
327 574
481 573
924 524
737 160
156 19
376 628
50 119
655 123
179 870
316 873
502 595
232 83
949 16
201 309
458 214
60 825
235 776
831 505
899 843
705 677
227 169
28 800
287 478
469 423
849 616
786 241
42 129
531 191
698 693
465 1
395 346
489 395
734 912
37 27
44 374
465 772
952 864
895 827
406 435
639 738
952 565
350 187
600 231
654 452
734 349
202 271
315 862
173 563
637 953
505 163
548 363
234 770
327 483
148 919
610 371
490 728
