963
806 515
913 525
360 77
447 158
229 117
820 178
399 398
172 265
370 835
714 61
685 466
275 42
33 415
658 589
122 22
310 414
868 934
763 427
663 571
248 264
432 12
495 129
167 304
648 787
285 56
156 862
313 23
31 354
468 728
243 836
506 113
431 62
907 18
86 118
582 216
220 192
28 32
172 792
78 427
12 1
21 11
463 301
64 161
216 161
297 716
557 495
296 282
73 84
887 815
354 443
310 670
656 502
498 454
429 684
891 441
512 426
132 87
121 591
326 364
269 492
88 607
48 25
631 865
116 69
340 698
307 327
711 134
550 7
457 305
344 321
425 262
324 733
202 2
676 556
26 208
682 721
249 29
703 805
924 625
145 196
818 828
423 448
89 79
936 27
825 782
347 35
578 364
175 662
703 410
757 597
779 879
169 32
668 804
712 436
359 122
7 538
117 652
278 544
33 881
188 218
17 10
554 56
167 210
294 157
28 27
917 479
253 931
131 1
644 589
204 553
562 303
171 252
693 467
339 476
266 484
185 176
248 435
280 102
735 329
40 9
625 786
325 672
93 39
139 124
248 904
54 59
1 10
10 68
540 512
380 283
490 911
581 383
306 371
814 674
31 49
156 597
361 641
164 191
413 71
128 29
246 196
752 43
524 586
295 194
440 464
30 85
11 3
147 857
29 72
58 138
617 823
629 418
683 468
257 240
142 15
107 137
87 724
204 537
412 230
72 850
633 766
438 708
402 268
829 877
818 418
601 722
819 196
324 123
278 184
77 4
795 164
816 223
246 483
643 55
117 88
159 510
170 894
633 594
486 11
189 112
748 889
669 168
13 67
160 88
56 9
127 870
959 350
473 215
184 411
141 133
358 173
382 416
255 472
694 420
63 343
140 105
304 390
43 325
373 185
756 235
53 10
922 799
65 335
946 920
590 640
119 42
19 11
155 128
123 182
328 872
503 259
811 475
405 528
203 357
604 85
10 111
622 172
33 212
329 864
20 91
81 284
430 54
81 179
350 691
8 326
449 910
271 260
384 21
181 193
556 572
861 29
24 71
150 125
498 678
339 906
8 4
372 613
170 815
19 171
14 163
15 37
1 3
366 40
45 194
143 190
74 619
16 8
393 423
54 470
176 58
419 908
360 603
445 274
421 905
834 528
608 848
170 88
172 221
249 333
447 951
142 585
583 748
78 422
35 226
309 773
369 758
232 525
263 627
305 295
5 1
849 664
94 37
462 213
541 107
496 690
531 423
30 167
49 352
349 677
88 75
465 702
336 128
548 436
258 37
539 387
268 626
962 904
93 790
95 776
765 243
775 616
923 372
9 30
136 353
83 961
545 451
174 899
952 680
195 410
120 166
253 609
603 739
121 387
254 331
448 605
539 842
513 532
382 636
568 28
107 306
115 10
527 131
79 632
289 751
282 240
590 312
5 124
947 135
475 447
779 902
83 146
438 157
575 618
154 136
19 705
782 376
921 672
25 267
489 794
159 493
781 717
719 497
30 47
206 41
47 174
7 66
375 116
797 565
875 783
148 920
535 284
90 74
729 247
99 152
50 929
19 162
278 345
725 651
6 3
197 474
446 89
213 238
873 296
71 129
60 321
121 631
200 45
129 149
252 571
209 481
524 189
51 322
346 340
465 635
9 34
361 367
480 301
88 323
845 745
16 65
328 368
67 69
177 109
117 332
47 104
844 55
712 778
517 274
337 666
394 529
43 199
856 171
489 79
523 472
103 434
743 526
138 707
701 466
800 223
675 495
340 254
24 209
90 241
23 108
467 17
12 29
269 827
385 218
85 92
31 821
114 40
617 440
687 628
637 83
329 718
146 215
809 635
19 268
76 440
817 163
505 212
573 212
796 122
56 61
153 898
16 26
579 5
98 949
497 308
649 258
73 14
297 329
14 64
178 389
120 117
774 927
357 901
216 383
68 97
847 311
419 428
393 900
726 75
77 381
91 559
90 187
916 366
279 829
630 750
165 452
22 33
736 686
356 61
620 621
167 236
13 50
788 592
623 846
73 172
266 270
780 358
282 697
11 379
439 299
143 53
245 206
1 2
832 794
48 192
117 266
511 396
912 549
598 508
342 433
309 140
82 308
262 914
963 241
236 378
286 741
43 318
110 351
156 122
249 290
542 338
14 1
203 479
501 783
548 600
183 394
790 793
895 337
950 589
93 576
802 528
706 746
241 455
199 588
308 654
19 81
839 590
7 798
607 919
20 18
699 282
777 228
125 272
831 407
516 377
653 333
58 42
81 558
263 56
667 562
302 207
308 543
720 391
12 376
685 932
16 43
37 41
468 519
120 642
231 369
449 876
181 232
13 253
693 915
762 668
499 167
60 5
97 158
50 395
253 774
954 469
309 311
121 115
231 181
101 178
179 374
490 482
46 157
76 393
36 45
614 40
361 706
727 374
106 34
38 5
521 128
113 219
658 686
201 14
813 937
382 218
135 103
183 291
871 115
113 33
507 496
184 261
152 287
315 596
58 314
213 259
956 538
263 852
96 330
461 32
223 230
10 46
485 219
552 447
601 238
240 43
3 31
812 102
40 83
108 454
843 656
520 124
243 674
734 520
216 418
55 37
742 429
500 384
307 630
854 30
692 689
37 79
737 118
11 183
284 592
485 560
28 647
680 321
883 47
180 130
826 240
807 432
634 885
659 49
352 655
730 58
286 120
530 484
5 24
363 26
799 199
587 492
133 203
36 7
761 530
110 112
239 770
561 625
223 99
488 142
20 408
574 80
66 224
657 620
274 143
145 23
159 398
903 467
414 459
372 466
563 278
791 782
779 101
302 348
335 372
274 755
365 65
3 217
436 555
298 207
141 863
526 459
81 126
276 264
15 696
256 338
114 133
119 668
441 348
943 35
171 451
14 645
124 424
347 456
805 930
103 292
776 939
8 396
68 404
95 69
759 433
276 334
54 584
157 409
36 397
53 87
45 98
426 161
228 283
172 704
187 197
80 27
453 391
444 372
661 34
583 13
382 564
3 9
477 112
888 738
131 749
46 123
183 250
468 13
417 196
518 6
243 170
279 421
611 507
231 269
874 940
129 580
738 52
57 30
851 101
813 402
254 281
804 860
255 227
884 533
168 132
892 680
625 853
156 213
403 219
165 109
226 319
458 59
342 164
29 51
165 293
136 260
465 200
305 838
822 369
608 135
78 11
27 9
1 22
449 193
50 867
810 941
512 556
305 534
26 235
8 153
808 65
96 29
23 3
429 84
407 335
709 518
547 279
222 73
125 148
768 944
65 515
189 316
296 650
297 277
747 669
1 247
745 542
15 522
181 127
3 39
624 257
254 184
349 218
47 75
618 784
46 925
20 100
250 478
327 533
1 144
89 195
80 593
23 205
174 509
255 442
98 638
206 437
575 152
109 228
7 54
682 476
184 30
441 648
238 567
859 29
15 74
342 469
37 125
196 242
953 818
504 453
15 10
508 288
423 561
353 918
764 324
311 855
878 189
837 107
55 151
501 23
159 111
942 781
933 44
880 220
256 233
866 430
239 9
167 406
393 874
7 392
237 20
623 2
62 858
474 487
78 732
193 717
379 769
277 62
307 230
24 577
211 137
72 127
294 896
86 9
957 333
234 24
436 370
104 361
76 13
320 140
175 53
810 430
339 223
660 926
188 134
101 42
25 23
246 710
681 403
8 18
46 82
167 204
56 639
141 225
598 660
147 73
50 63
869 685
298 700
242 251
262 99
665 236
420 223
196 198
289 208
214 868
52 8
341 289
496 427
241 841
803 87
833 491
299 162
551 400
312 157
114 760
945 211
400 176
340 651
181 646
248 198
771 198
616 189
370 98
893 418
310 173
767 303
514 201
159 513
61 620
689 107
332 460
182 824
772 342
713 478
130 67
882 580
948 99
4 7
610 432
785 504
13 10
37 62
514 664
502 385
754 405
319 768
377 90
279 471
317 268
193 536
594 424
723 170
248 303
634 388
62 419
493 753
129 386
695 4
222 569
30 207
103 45
136 98
279 277
549 269
219 897
428 688
177 362
928 332
221 300
359 602
801 127
273 133
565 213
13 105
297 388
272 328
281 886
