907 1013
16 689
69 260
762 532
140 27
725 59
85 289
256 252
780 230
86 599
274 48
311 494
44 4
454 370
706 216
158 691
436 399
353 463
145 497
702 365
14 828
186 341
452 713
648 204
136 769
832 46
426 205
166 870
257 753
668 419
104 500
520 743
545 39
893 665
176 536
583 579
322 369
460 213
294 429
826 833
595 863
550 747
185 856
530 763
758 389
235 29
8 445
855 495
663 730
206 430
827 511
468 228
619 620
699 835
163 568
847 344
370 108
876 411
47 176
384 403
489 688
164 389
173 103
662 264
129 330
649 773
375 294
77 587
670 216
162 401
361 807
24 297
160 310
521 846
89 324
765 42
660 365
355 555
403 366
98 407
66 544
19 483
489 69
14 276
541 79
248 107
104 783
810 223
404 475
812 239
873 526
842 292
763 213
690 655
428 826
706 33
695 617
120 505
358 2
122 516
44 759
347 745
609 287
666 254
25 701
235 648
45 612
565 767
665 806
774 355
195 412
256 149
829 164
776 837
735 385
130 647
427 305
853 693
448 870
614 668
449 400
273 103
264 53
217 544
581 56
393 407
308 522
191 589
587 857
681 262
874 220
860 371
34 172
630 514
293 384
906 554
366 402
782 856
405 360
816 86
805 309
172 875
824 246
640 812
728 437
404 899
536 71
726 54
103 204
755 295
293 242
540 40
732 605
217 39
610 755
391 703
291 189
107 216
863 190
404 49
847 719
786 225
733 593
428 335
659 573
441 165
408 560
240 287
206 600
304 738
180 637
583 885
796 705
264 191
582 763
817 228
426 322
842 520
484 92
293 762
546 415
676 97
667 396
648 787
533 712
732 463
60 788
856 802
731 773
438 545
179 565
570 445
866 287
871 415
777 699
334 767
900 435
618 7
60 879
857 115
635 118
314 738
786 191
39 846
209 729
22 892
39 220
675 743
254 633
891 233
859 252
583 393
241 626
186 526
850 387
212 310
139 126
439 636
231 840
523 105
506 220
510 413
746 597
777 139
660 70
181 497
159 897
606 154
94 800
824 327
125 10
307 397
642 427
798 413
406 432
707 498
178 777
778 858
883 672
656 197
133 121
767 783
322 282
314 175
673 597
335 216
216 688
263 397
644 657
739 94
304 860
384 518
205 7
728 802
848 852
208 732
610 389
301 341
673 212
649 711
629 601
857 510
119 42
822 534
366 499
857 325
185 134
311 606
651 246
141 621
508 750
113 332
68 376
635 72
67 209
518 313
149 404
234 715
162 786
152 53
262 778
357 205
306 761
337 127
308 249
388 180
12 502
565 463
206 63
622 656
200 279
774 326
212 290
257 626
419 766
665 135
742 835
130 175
331 303
254 569
450 484
854 100
777 397
362 395
337 565
904 278
703 110
236 140
483 628
328 522
728 56
690 851
205 424
549 763
211 672
150 793
75 108
173 800
7 873
486 30
610 639
495 181
851 86
677 230
851 496
265 579
27 518
194 503
213 710
74 469
592 512
352 735
284 557
546 147
204 375
424 628
171 691
659 190
196 413
523 356
490 401
603 839
840 279
105 629
13 292
35 673
29 745
301 348
752 609
213 607
870 749
395 312
186 167
847 763
573 799
242 515
657 809
889 708
586 42
717 335
149 808
513 306
495 740
227 297
700 622
672 607
62 222
320 489
900 770
39 456
48 748
724 859
431 731
852 758
519 282
334 482
548 850
166 225
770 94
207 658
469 875
823 332
773 801
663 487
255 74
88 105
699 84
134 518
324 133
699 658
278 582
421 857
223 792
355 115
420 643
704 734
94 115
777 563
152 686
203 7
86 665
101 106
466 204
170 309
219 120
57 389
624 35
758 730
383 474
124 885
326 729
740 332
478 831
801 329
77 872
741 193
825 323
19 244
851 30
51 437
453 670
240 548
820 331
754 378
751 447
64 480
279 654
425 529
576 382
555 463
267 249
32 669
17 561
634 50
900 333
450 860
422 97
260 68
80 187
831 556
896 134
252 733
60 276
824 845
894 869
291 893
251 296
669 367
516 800
82 86
168 718
699 801
702 576
388 881
31 81
577 741
20 391
553 30
309 875
147 234
451 885
410 25
132 231
410 603
350 704
594 793
538 570
429 441
272 131
487 184
48 258
624 675
867 191
871 894
823 437
598 317
629 454
245 689
808 306
769 2
254 634
484 774
623 130
855 787
61 727
521 342
590 600
185 359
235 193
249 108
793 436
600 801
825 757
47 677
676 606
250 342
791 831
344 393
461 26
663 645
99 611
837 614
366 370
226 641
163 191
537 571
448 549
168 178
318 537
320 693
280 798
430 626
717 333
530 655
349 585
690 69
481 7
297 279
493 806
892 130
317 401
321 70
545 458
235 79
32 844
513 161
702 507
63 39
784 259
552 396
737 394
496 860
587 119
552 22
509 399
222 728
877 629
504 404
22 515
194 669
661 495
421 268
857 563
440 517
851 402
208 23
511 495
225 18
864 134
358 567
791 866
846 302
207 261
181 600
79 268
791 787
718 810
186 353
163 459
29 894
223 389
758 361
257 484
399 673
775 595
491 280
194 814
357 485
726 899
623 374
476 382
893 520
453 395
730 682
284 415
660 581
483 779
735 374
257 211
574 639
260 340
371 52
829 560
72 206
735 533
52 214
1 823
230 860
708 143
630 655
378 741
121 347
31 83
654 361
178 30
14 427
311 114
4 54
74 95
586 488
703 166
231 896
531 317
858 320
306 5
70 511
296 138
181 648
214 235
630 18
362 219
363 219
414 196
622 617
453 67
530 599
123 592
727 197
749 291
792 58
134 437
412 808
115 578
848 266
116 297
207 551
590 847
891 669
473 150
302 342
454 132
622 106
164 646
5 646
653 165
620 339
36 48
538 639
405 580
48 788
730 336
581 284
371 833
498 106
893 657
352 475
165 197
108 810
661 776
376 302
387 338
523 340
631 346
710 411
245 876
396 553
491 806
321 511
564 525
509 252
131 438
685 868
541 255
638 498
188 552
684 116
673 294
323 294
793 533
236 663
614 382
55 312
189 832
30 518
454 739
656 304
78 208
460 699
547 397
91 824
556 570
832 211
539 780
83 747
164 762
233 720
57 123
874 315
866 396
769 96
1 299
388 798
742 595
868 746
184 700
241 523
57 646
15 716
167 178
350 314
279 3
233 48
530 198
702 414
748 105
83 554
578 218
704 315
523 100
629 853
791 490
695 707
614 139
441 824
145 88
611 158
498 487
817 380
580 428
169 382
374 652
420 900
70 49
344 672
248 170
170 41
109 726
87 293
649 526
175 151
544 399
41 547
496 183
404 349
77 321
862 208
749 883
18 255
679 246
45 603
97 500
650 610
863 476
295 835
620 879
281 660
525 376
427 229
270 883
796 153
303 117
452 350
341 254
192 454
302 545
900 505
784 807
179 342
104 310
69 609
370 213
739 763
271 58
525 751
699 795
819 477
833 781
34 225
315 339
280 611
676 108
210 796
773 672
826 138
639 117
794 499
800 258
665 92
687 49
131 833
740 839
129 857
207 386
21 155
95 247
12 249
281 569
93 107
826 831
190 252
860 116
173 820
268 232
77 203
599 285
399 568
208 255
170 358
108 121
710 789
850 410
711 638
515 265
629 264
654 53
569 629
415 94
537 668
233 1
855 36
491 615
502 162
766 815
779 747
322 597
411 601
84 97
544 12
788 871
563 562
900 889
397 448
35 294
210 722
904 454
581 60
868 468
345 472
16 423
556 501
19 732
182 888
797 531
375 776
174 56
68 460
770 195
141 809
706 431
127 867
697 903
429 362
119 615
681 609
215 868
305 187
609 502
159 839
905 244
128 461
131 501
538 95
741 17
255 471
752 628
316 365
907 89
438 159
318 738
363 688
504 126
182 386
755 636
55 383
164 898
74 487
342 849
288 487
253 43
309 361
487 158
108 81
584 583
253 579
316 141
130 659
546 667
300 277
659 543
377 16
837 511
425 212
770 895
271 576
796 822
77 528
745 797
868 236
235 116
797 67
312 289
482 208
760 115
585 738
214 620
116 545
143 31
510 54
185 558
177 140
323 496
71 221
574 7
306 84
208 71
491 80
242 465
865 792
588 508
452 457
322 533
843 157
387 139
356 485
180 614
117 464
597 427
95 483
397 660
171 121
702 807
324 893
149 597
426 208
625 128
783 479
446 893
53 830
808 82
336 116
728 905
317 273
309 756
87 703
616 695
277 354
610 596
244 235
268 856
332 805
894 433
315 593
179 894
313 277
663 582
879 666
426 328
778 165
117 215
566 504
799 178
195 13
383 179
752 387
841 671
689 798
93 156
740 59
867 693
149 606
787 706
502 850
434 755
243 174
525 211
641 298
432 51
460 662
282 850
234 568
176 774
867 502
81 295
667 700
662 878
696 48
304 123
696 185
702 433
714 859
136 572
366 611
642 18
11 819
176 135
424 313
132 10
503 368
892 734
179 422
816 126
39 724
112 403
615 50
802 362
148 138
39 789
632 109
536 770
565 433
581 860
56 672
863 586
241 904
97 717
857 531
547 185
131 821
511 620
391 542
858 519
32 670
681 504
849 465
