1000 9896
208 136
329 961
971 542
552 908
38 939
275 487
628 552
833 593
941 614
156 290
750 398
697 2
60 710
561 595
104 130
360 812
271 299
894 937
697 115
130 820
699 717
39 420
47 937
269 479
365 182
494 426
338 834
446 265
607 43
648 135
687 878
283 124
583 969
415 619
291 601
199 960
890 201
885 77
948 489
677 149
420 130
293 156
188 422
141 264
126 622
809 182
149 573
630 14
79 828
658 853
143 815
296 942
700 25
378 758
414 963
990 273
417 292
143 3
279 428
429 127
175 623
344 553
788 954
669 875
158 726
440 919
917 395
519 715
150 298
50 598
159 200
224 941
613 397
794 361
7 4
854 937
676 885
243 232
196 210
894 265
56 965
668 852
9 497
343 742
237 907
792 104
974 272
893 320
569 378
322 159
353 787
76 158
761 994
479 867
280 427
467 875
375 178
930 317
843 708
955 722
423 792
81 321
65 836
800 785
448 521
602 101
345 244
919 536
924 178
179 381
252 669
739 149
848 779
499 841
710 417
657 811
524 605
453 499
781 330
568 361
198 228
359 573
476 478
222 238
60 157
27 972
264 394
576 163
278 191
909 119
605 296
399 921
291 800
791 119
614 574
979 143
27 746
235 143
476 147
520 953
813 364
456 479
158 856
258 333
957 589
451 324
559 638
1 149
774 488
81 967
851 167
135 38
374 784
287 891
970 571
521 863
366 927
980 624
987 340
436 726
953 484
771 695
774 266
82 314
870 419
638 726
712 932
132 606
885 686
523 103
851 626
301 621
51 678
507 312
345 389
916 62
629 681
812 383
355 764
671 26
659 276
381 432
98 782
172 621
670 244
530 603
52 171
199 324
649 447
962 46
449 385
329 763
557 751
965 452
427 470
748 946
464 951
218 497
971 149
554 119
80 498
541 155
89 68
411 235
772 210
195 848
680 688
75 134
541 445
815 66
447 459
909 441
602 701
197 359
624 989
809 125
738 77
865 413
706 751
732 659
74 69
574 398
61 329
871 376
558 616
438 925
500 206
549 896
477 799
956 329
373 737
542 662
390 675
796 674
642 88
435 714
590 642
287 974
325 779
953 550
914 868
543 153
902 78
894 103
181 504
404 89
703 583
443 437
689 445
319 334
985 870
214 624
471 3
717 359
261 449
337 91
488 924
87 83
586 670
533 117
8 608
280 197
997 88
891 461
564 605
660 104
497 238
168 922
121 926
46 789
823 637
355 873
854 413
512 222
911 206
380 300
109 426
514 389
786 913
298 11
610 608
791 533
540 795
506 473
986 815
643 514
950 898
11 622
246 495
156 899
29 395
412 309
752 288
860 955
384 753
840 963
70 840
145 39
607 115
536 656
41 86
120 569
299 794
89 322
696 470
576 892
706 755
637 861
766 547
803 523
581 310
991 758
539 17
390 621
359 72
107 499
760 487
378 531
796 535
13 347
895 42
500 81
652 118
585 173
89 830
970 657
93 990
756 130
737 984
906 761
376 206
716 784
555 139
862 530
577 898
409 816
48 80
441 135
581 859
711 924
766 217
241 466
793 331
685 813
464 191
341 535
162 170
237 934
509 705
147 322
756 326
595 576
821 398
588 399
290 326
418 371
733 12
969 769
385 747
851 181
862 688
658 279
416 15
180 88
476 951
938 140
331 824
320 427
397 745
548 959
751 656
293 296
431 476
377 671
48 841
756 624
166 185
407 161
429 553
446 665
934 178
544 88
321 849
412 648
344 238
1 851
37 53
314 944
702 76
444 25
650 566
434 35
438 571
130 488
277 631
584 627
26 169
162 441
771 896
946 70
22 149
315 157
633 906
761 189
219 569
183 898
663 404
279 431
339 128
358 172
535 222
336 906
79 194
818 366
34 449
239 264
599 632
374 821
837 419
73 270
92 254
556 333
663 744
354 981
138 498
376 857
510 420
962 663
907 394
771 529
401 765
698 125
366 231
907 58
591 490
868 685
262 994
452 500
392 343
263 460
160 979
33 91
677 786
185 384
497 182
6 374
229 887
964 510
307 917
548 765
532 218
626 205
535 773
993 493
792 263
132 296
25 664
467 731
12 946
327 447
630 572
152 533
192 578
445 144
963 719
692 407
910 458
415 808
416 922
679 187
352 792
670 48
460 371
192 753
734 665
900 75
174 688
776 254
912 617
221 747
592 257
979 451
541 472
320 196
853 486
27 36
801 523
624 946
37 41
60 158
326 185
165 885
504 895
247 729
508 863
897 534
975 213
858 202
889 12
233 464
887 926
124 926
486 29
292 214
533 924
515 225
184 943
439 137
386 311
633 128
372 92
492 755
859 578
931 113
714 323
182 213
116 89
408 146
49 160
432 40
71 979
718 186
604 37
38 647
419 387
684 397
650 269
245 925
877 636
773 511
399 370
176 590
737 509
157 188
655 941
911 471
492 557
733 617
191 77
485 352
693 139
346 998
871 294
967 941
454 512
242 230
631 320
479 215
890 586
162 970
713 807
958 3
302 889
523 546
427 457
691 644
375 439
268 595
105 695
199 613
763 22
625 724
431 118
549 703
236 238
610 959
329 896
8 255
619 195
691 418
675 873
657 790
160 298
17 119
18 968
438 705
313 764
445 263
598 311
800 250
984 71
843 188
992 594
420 219
887 687
28 384
395 911
311 275
260 563
227 544
785 148
326 820
697 832
771 73
499 352
364 673
304 338
378 559
589 791
975 94
318 887
45 997
746 882
824 984
551 882
608 895
555 792
318 966
564 333
374 962
340 598
749 782
733 137
37 658
98 896
393 638
414 452
253 100
907 69
589 347
615 969
893 37
34 90
676 541
774 650
593 169
618 268
803 658
39 92
423 253
996 129
946 938
678 637
682 880
859 341
155 528
941 913
123 132
358 877
860 650
768 329
273 685
271 174
511 533
668 466
482 381
126 948
697 454
806 352
5 399
238 913
41 443
423 513
100 914
730 297
930 695
825 475
476 609
153 642
317 143
190 743
249 297
195 847
507 609
71 160
747 366
137 928
317 224
134 990
165 956
939 717
409 330
282 248
654 336
527 962
767 457
808 128
355 311
222 822
369 674
620 973
966 207
687 136
410 164
675 752
457 199
576 27
888 285
232 833
491 992
286 164
106 195
774 550
595 7
813 452
951 90
920 310
519 374
728 531
243 14
923 810
225 470
401 63
590 40
556 136
101 37
410 826
506 983
289 955
567 264
381 277
519 165
65 604
686 622
467 992
871 662
927 896
830 341
333 355
280 337
662 281
345 365
860 596
567 66
708 482
963 837
488 355
911 45
517 166
886 591
8 458
862 906
195 636
402 190
41 262
981 922
658 399
451 916
346 611
865 689
688 698
247 801
710 443
748 778
514 718
142 183
222 97
667 276
763 335
486 554
216 58
127 300
900 374
482 837
344 158
1 707
922 893
390 959
283 269
978 927
988 462
880 207
644 770
828 103
378 994
170 905
634 434
361 718
749 547
370 644
633 122
762 350
619 59
732 890
89 1000
951 408
119 944
582 220
326 542
607 699
583 201
538 94
701 546
599 635
567 217
272 486
238 389
25 178
832 558
968 62
592 634
759 998
206 994
101 200
67 440
581 670
177 680
968 141
162 92
358 521
685 784
279 963
232 136
485 250
267 955
967 682
919 987
807 317
277 396
24 148
171 39
321 470
104 962
23 64
12 845
143 149
4 717
432 928
545 487
656 824
437 281
8 279
869 294
483 247
194 126
303 320
306 831
327 446
811 501
761 706
872 229
48 999
964 669
235 551
313 163
753 166
481 635
176 866
673 357
378 229
812 323
588 112
170 297
796 101
100 938
528 907
106 683
469 379
536 602
847 586
847 287
44 869
559 198
378 967
348 531
311 409
814 496
320 116
672 281
363 741
966 223
735 790
919 79
356 993
197 419
934 520
461 622
559 405
338 251
112 468
476 109
917 316
102 66
899 462
289 551
533 780
169 903
606 893
22 259
244 407
197 999
453 397
885 394
10 218
211 695
414 120
419 386
662 450
615 358
836 81
105 233
693 488
189 665
376 596
603 407
348 898
595 156
464 23
825 2
129 523
739 580
460 35
264 782
512 244
161 410
894 916
754 59
459 157
61 673
557 604
318 208
981 880
657 602
434 469
456 484
643 667
494 497
96 800
786 836
394 659
811 682
785 385
439 229
916 760
668 237
190 889
230 826
568 41
865 761
916 995
499 807
853 505
891 826
877 259
354 194
974 679
169 476
98 490
136 659
144 142
397 244
700 499
39 719
575 989
212 213
658 923
662 819
884 711
968 420
162 593
880 870
221 178
723 176
101 588
746 883
598 752
127 79
549 468
381 967
145 534
258 105
844 417
685 148
799 156
858 760
250 725
514 28
385 80
98 897
68 57
950 139
103 393
846 456
8 772
483 738
824 830
819 784
101 370
497 898
759 942
579 348
63 887
983 166
786 670
343 199
43 139
459 347
133 918
800 637
902 289
101 709
160 796
731 87
699 565
129 135
595 644
962 129
1000 84
268 786
323 457
846 52
610 655
304 828
189 496
373 595
446 385
998 850
309 320
839 346
140 402
806 353
990 706
402 91
739 862
207 732
298 152
599 314
820 5
696 11
407 159
619 645
673 301
164 432
844 274
133 507
801 577
745 138
40 781
299 796
479 639
473 914
198 34
291 924
398 608
196 519
827 345
107 100
789 861
645 626
319 198
260 528
226 215
676 152
714 87
456 315
143 837
607 416
559 333
342 301
582 102
870 444
948 852
954 393
828 418
617 561
567 839
533 979
441 427
774 551
405 64
499 413
107 672
897 1000
862 528
188 551
707 977
444 665
963 379
656 273
160 911
208 392
262 117
148 693
267 769
567 410
181 331
366 201
516 948
116 944
391 672
195 35
233 884
641 141
823 701
941 722
691 771
617 14
472 587
219 470
695 532
556 830
761 948
298 90
356 340
363 624
894 940
329 800
256 634
276 629
852 724
204 751
251 199
969 784
52 28
292 713
209 591
213 15
273 938
180 497
648 138
29 94
946 403
196 822
985 79
473 663
312 671
593 626
438 899
448 47
583 91
655 382
645 436
500 499
502 257
175 165
827 602
607 443
466 334
838 62
144 214
781 857
900 643
596 4
909 161
777 132
435 614
685 314
723 251
323 521
37 631
580 423
192 480
249 753
379 814
896 494
438 101
21 195
757 329
968 464
197 770
200 58
489 986
800 598
68 113
976 986
632 140
172 215
983 249
125 209
863 839
77 78
993 589
480 632
409 556
86 740
208 146
906 223
17 956
137 182
546 82
874 907
445 972
776 398
858 103
570 787
613 991
320 538
691 573
198 543
90 444
199 242
240 481
403 281
958 101
924 141
964 670
288 87
877 107
242 418
445 31
105 874
566 745
420 963
374 30
748 879
939 377
722 651
937 200
496 424
153 633
959 635
786 479
201 837
588 855
374 190
592 402
187 662
79 876
878 341
566 954
329 233
221 395
518 825
50 53
838 26
786 236
154 119
639 90
969 426
805 820
348 929
757 11
408 502
338 778
728 831
614 287
337 449
90 651
734 295
395 427
980 524
289 663
720 669
383 975
738 714
99 782
858 519
569 584
931 337
383 860
632 168
741 330
427 775
29 862
893 31
418 215
507 904
725 966
335 654
671 288
366 855
356 14
712 318
380 148
255 792
294 332
48 188
295 361
975 847
66 487
329 387
150 596
886 517
647 729
652 965
134 436
122 958
194 67
848 929
152 627
435 225
669 978
894 887
956 546
574 113
339 544
543 830
571 989
473 810
346 600
540 976
161 965
71 190
516 59
386 802
350 499
886 193
390 858
36 806
311 508
169 451
26 380
984 504
72 530
179 790
515 912
994 145
835 931
503 849
586 487
415 467
745 95
899 414
496 513
848 713
626 945
78 223
801 992
966 474
823 359
664 660
339 186
710 991
608 881
704 260
758 971
172 490
618 182
141 545
430 498
606 687
58 385
154 924
29 512
163 838
665 8
116 814
427 845
500 653
267 228
110 324
205 80
524 452
358 694
574 543
636 44
393 943
68 879
896 18
660 107
994 973
320 676
427 248
747 819
627 361
366 511
33 242
342 100
588 324
94 517
132 226
298 246
122 978
95 997
186 835
400 441
274 414
939 850
573 134
323 328
249 446
435 81
666 991
683 919
888 867
833 38
857 936
981 435
490 579
22 930
773 682
101 939
657 129
269 123
843 346
369 727
89 752
601 333
88 312
126 336
112 398
461 565
357 612
54 652
511 601
240 546
349 448
874 161
982 801
548 34
288 936
456 26
750 80
946 807
991 806
885 303
138 330
88 515
551 722
44 438
625 802
491 288
379 4
295 653
555 548
292 582
836 938
405 801
102 885
1 266
966 898
422 620
314 365
466 608
419 913
566 87
107 862
552 993
593 462
195 616
707 159
33 444
971 530
627 468
369 452
422 334
425 442
299 401
356 198
539 743
997 347
406 590
432 653
902 998
998 895
624 604
217 986
851 921
728 458
251 183
91 569
436 483
41 405
26 611
43 707
181 593
934 177
518 560
701 534
981 250
610 212
717 656
283 414
875 280
24 798
39 885
245 32
943 163
14 653
145 929
491 160
623 907
405 272
887 518
174 87
676 189
606 954
753 550
37 485
491 364
596 116
50 880
412 847
35 156
864 292
129 31
634 658
581 137
528 11
603 961
897 858
555 866
928 996
237 210
102 55
189 913
963 342
422 569
730 742
659 542
37 906
242 908
651 213
203 571
461 23
67 282
208 426
159 520
627 432
647 769
503 117
124 142
815 227
217 215
898 795
792 266
498 855
742 562
545 86
974 484
130 788
475 589
80 379
62 63
816 527
798 755
450 773
414 760
757 692
259 313
574 181
354 233
924 61
23 401
765 981
749 48
770 727
255 699
257 659
757 549
899 860
27 162
246 42
981 45
415 587
472 19
456 952
458 234
518 540
650 288
799 614
217 498
70 177
842 86
996 335
205 918
723 809
634 468
982 794
889 761
827 839
477 194
605 198
258 329
461 846
297 757
335 853
286 267
771 925
758 543
459 674
375 697
926 315
619 327
547 162
50 630
289 662
119 978
715 872
935 571
737 272
722 68
944 86
428 191
701 540
512 650
141 798
988 903
312 480
767 647
354 871
172 180
104 770
46 613
962 191
516 909
223 539
59 746
403 218
931 398
915 789
367 792
565 861
489 618
492 447
819 489
773 352
497 87
273 710
302 699
907 631
824 183
330 640
902 942
753 64
848 860
599 385
178 863
431 115
744 563
208 586
905 372
467 327
483 370
972 388
4 374
278 381
649 895
154 263
405 307
395 563
183 688
23 43
467 165
736 618
607 313
754 735
97 160
169 339
153 886
580 843
641 985
272 100
964 488
370 891
594 378
61 438
65 915
874 315
108 634
490 32
310 351
54 730
942 144
211 390
413 606
824 987
179 676
331 801
975 456
888 482
686 149
484 469
671 963
965 162
414 440
553 793
954 213
314 116
131 598
157 674
888 81
944 483
324 77
788 348
558 322
870 496
250 949
159 285
720 521
93 521
738 862
335 764
109 924
876 944
492 765
574 583
404 443
868 864
247 357
764 817
12 640
786 779
253 308
167 100
727 44
985 693
471 722
773 324
721 147
5 234
341 194
894 950
441 660
8 465
673 480
51 469
549 638
422 156
460 295
1000 372
657 981
450 845
386 630
199 74
511 884
937 357
648 144
939 403
189 208
86 344
568 455
967 65
950 817
209 771
819 246
70 844
93 485
24 722
866 167
773 681
563 253
212 21
984 38
87 983
33 609
936 457
373 673
942 355
690 200
395 940
89 861
678 937
670 989
992 863
131 775
430 518
923 483
128 527
112 542
311 22
663 509
131 660
775 743
301 92
125 376
879 595
111 709
93 986
921 119
228 615
117 203
157 573
31 4
932 337
646 739
629 809
620 604
590 956
2 701
295 352
962 575
45 377
86 623
225 669
184 76
375 903
931 505
147 326
403 176
167 955
360 579
872 351
851 283
980 906
629 677
18 425
695 481
76 375
648 624
668 531
760 756
926 331
161 471
595 674
891 203
602 138
105 594
898 935
665 976
835 256
29 329
855 989
566 400
324 795
313 494
668 160
62 147
375 376
880 262
436 492
535 560
916 566
499 880
562 622
312 390
60 263
814 406
706 305
562 663
857 907
65 156
658 172
397 88
53 662
349 144
779 977
961 790
174 997
32 526
568 688
778 885
623 906
223 575
131 978
261 943
173 339
908 138
656 179
144 103
700 36
828 465
975 98
540 477
672 589
288 838
850 264
615 8
880 575
220 48
59 114
866 638
103 325
324 118
626 690
718 162
152 765
480 284
372 282
674 2
310 208
130 481
393 772
106 349
642 589
453 712
11 523
495 461
833 790
587 771
270 493
552 990
739 732
336 89
869 65
177 911
74 805
237 791
57 81
756 725
963 917
927 758
554 378
521 371
673 24
855 880
323 387
87 490
401 317
494 472
460 280
43 768
424 136
963 691
910 462
622 980
364 956
627 638
267 553
706 115
442 430
388 355
585 755
624 807
986 914
6 381
114 633
44 864
64 174
373 988
959 613
598 303
530 71
47 59
900 341
481 459
743 439
221 393
81 279
60 9
499 539
623 113
892 814
126 286
823 492
895 49
261 899
740 842
874 452
676 210
254 418
76 902
940 735
119 992
945 183
510 895
586 163
434 692
550 590
699 384
478 693
984 602
515 370
331 917
516 425
923 713
567 62
630 749
685 79
119 695
266 175
639 938
163 829
828 569
902 464
635 733
318 667
580 202
640 239
139 297
769 397
664 229
77 112
102 224
977 34
780 523
285 99
108 842
290 283
275 437
630 963
833 611
137 436
601 767
655 990
111 473
161 46
224 89
171 149
190 179
583 584
730 908
124 147
566 318
15 44
274 150
384 634
95 882
557 601
742 735
213 483
843 884
40 615
946 602
81 923
770 489
668 232
568 152
963 572
982 264
56 256
442 793
705 917
833 88
891 846
985 133
38 259
958 8
169 432
245 197
335 311
771 935
728 161
162 795
900 191
696 319
535 350
866 115
260 936
895 236
736 153
606 81
352 356
813 681
226 261
672 663
306 173
272 101
236 686
165 742
918 428
595 273
575 815
335 10
693 762
310 65
405 440
10 520
215 465
306 399
55 8
457 777
993 207
411 113
449 873
269 33
474 716
609 415
538 917
810 926
393 610
210 343
36 474
20 967
428 244
578 889
177 356
741 718
901 619
759 939
391 697
749 494
313 21
349 815
722 331
669 368
194 784
637 60
485 319
775 963
509 681
717 68
298 978
25 570
561 984
811 957
220 979
919 889
591 716
960 886
483 163
360 822
379 114
463 722
94 134
694 638
471 563
863 349
65 176
251 173
105 18
715 218
808 584
181 714
919 460
49 868
377 375
263 980
381 915
437 993
611 490
188 297
105 945
434 169
640 964
933 65
312 629
922 754
588 665
615 688
401 756
250 304
412 583
608 578
878 950
14 729
97 195
755 79
822 613
261 987
848 565
931 815
240 548
131 663
850 293
513 403
306 435
110 974
107 861
633 188
690 269
67 49
214 695
175 695
381 94
275 561
242 644
775 900
776 830
465 483
779 639
728 535
145 785
438 446
263 193
581 838
286 98
200 255
916 157
717 439
465 909
124 390
203 529
386 105
760 646
798 104
46 781
103 740
911 267
260 383
615 710
427 230
86 953
497 30
890 543
445 135
787 100
240 343
826 706
4 922
646 473
189 130
174 29
9 996
405 257
191 500
678 974
551 340
511 875
536 979
577 249
230 961
231 408
809 926
297 178
647 854
105 941
87 773
951 976
273 201
575 560
178 445
579 59
330 295
966 247
828 42
425 679
211 242
965 805
644 782
663 34
97 239
761 64
154 73
837 251
567 902
205 577
442 262
323 522
291 141
258 355
137 963
448 652
432 1
430 524
201 452
609 455
333 255
171 748
810 373
160 667
840 237
864 181
642 831
223 656
168 682
834 264
672 592
584 18
162 88
756 304
307 762
34 926
807 313
994 768
856 801
393 238
160 1000
346 15
981 759
229 882
473 384
535 768
856 639
674 816
656 843
989 138
958 104
680 609
748 580
3 501
132 75
959 902
249 395
321 22
327 104
947 733
607 663
960 715
565 428
434 158
696 181
215 795
312 702
630 322
756 826
504 934
502 241
840 768
421 373
374 319
191 863
692 976
809 148
738 576
376 335
999 153
764 285
583 350
697 815
758 192
944 524
689 12
987 750
2 62
357 954
90 743
625 654
720 882
165 547
116 55
281 30
799 164
523 677
987 396
628 394
974 186
650 724
707 541
283 809
326 659
384 128
457 590
30 157
237 583
882 444
918 956
759 966
746 125
638 961
162 124
533 91
2 882
451 155
524 434
253 302
720 333
560 486
637 136
195 397
898 842
388 780
711 534
124 172
299 914
77 205
420 701
728 500
459 145
959 196
377 632
263 717
714 665
950 521
422 118
152 630
392 37
655 108
986 853
420 915
661 699
424 342
8 21
597 317
134 725
601 186
109 883
900 20
739 4
776 26
1000 568
94 85
435 231
811 997
347 947
991 506
117 265
83 665
579 764
193 297
902 444
692 773
75 100
804 735
952 938
827 747
719 492
95 326
62 533
411 271
982 602
148 714
508 228
433 164
749 598
608 534
491 874
849 860
488 756
175 444
435 675
816 498
248 20
515 192
21 151
719 32
443 237
543 246
391 5
323 851
168 102
538 914
747 488
620 634
824 827
988 752
759 821
876 803
58 238
245 892
232 195
858 393
180 701
720 410
726 384
945 751
731 58
258 142
612 367
370 110
243 452
579 126
601 730
765 343
860 589
254 708
310 554
4 641
703 1
426 63
270 196
754 91
692 421
506 368
839 342
930 494
937 474
762 673
65 183
964 721
877 48
145 255
273 962
958 435
485 835
70 819
752 294
308 716
511 967
478 20
540 55
852 769
890 188
502 142
985 359
490 590
256 990
222 25
942 758
69 394
473 549
61 428
559 107
249 14
981 453
766 549
931 752
589 980
435 481
894 585
702 379
540 324
889 94
562 396
309 861
805 888
704 69
98 748
45 947
382 12
185 720
713 851
171 997
372 98
979 58
233 316
325 340
932 460
400 693
296 614
116 111
244 420
214 692
859 641
287 936
811 546
745 298
672 880
693 522
361 17
234 289
586 986
557 610
93 762
96 322
703 609
689 467
466 972
983 209
346 278
112 988
722 157
595 985
890 971
672 622
86 732
858 365
731 233
859 988
343 231
459 490
362 585
768 263
171 79
134 337
12 821
237 194
823 607
593 426
901 497
798 779
88 526
843 686
739 785
167 360
5 93
942 854
322 243
14 165
146 37
956 630
721 415
373 676
625 123
754 289
597 245
853 91
321 954
729 37
378 61
677 269
491 502
939 831
972 383
668 64
468 46
236 66
883 905
959 720
411 326
31 529
939 344
749 764
40 124
95 414
616 591
211 245
583 373
454 299
628 610
131 980
704 50
10 751
871 446
339 25
862 327
499 351
533 898
757 420
595 441
282 362
28 794
660 598
495 888
958 336
206 197
832 692
651 328
662 328
522 503
832 547
119 685
279 760
543 95
157 432
858 559
202 999
223 659
99 897
81 254
470 808
113 557
976 877
224 642
508 74
994 769
357 315
379 223
470 10
493 171
129 546
61 551
959 82
49 589
657 736
52 222
492 485
94 561
129 157
51 60
377 611
749 429
470 468
643 674
290 582
934 359
591 820
924 137
104 372
972 178
256 78
455 368
833 193
431 88
490 996
291 749
271 387
766 816
360 700
786 72
2 507
682 393
996 892
761 400
409 491
321 823
571 659
888 525
652 496
560 607
780 945
250 262
639 352
718 849
349 242
222 864
260 581
374 687
206 202
808 93
495 585
301 557
892 927
605 338
880 895
371 324
11 823
672 619
103 133
41 620
794 434
633 138
872 846
548 101
340 943
290 196
798 372
451 107
453 537
887 957
176 178
463 135
258 167
208 227
229 179
211 920
499 521
848 487
110 142
389 451
76 293
742 989
87 170
968 908
256 280
498 231
229 230
284 430
892 59
323 464
617 500
764 125
32 430
549 583
877 954
259 649
942 910
711 311
839 258
471 926
991 199
904 65
692 224
640 587
454 183
700 571
44 951
523 774
354 500
784 518
568 413
883 976
535 747
355 415
563 226
202 54
3 59
64 59
465 681
378 855
288 563
365 699
527 602
762 177
266 698
840 539
199 564
886 278
317 553
102 257
996 952
880 843
857 524
692 350
770 109
111 573
663 474
813 329
870 826
966 361
332 653
663 331
645 844
561 385
465 372
67 712
874 216
417 393
897 903
935 587
37 668
195 741
496 882
633 279
214 536
659 893
456 192
37 877
140 148
558 321
802 143
197 599
534 318
64 377
229 70
513 113
167 912
467 970
763 701
986 498
664 114
919 778
828 829
172 953
171 573
512 38
399 114
314 976
960 840
750 248
488 269
731 475
454 614
387 516
223 175
83 811
961 338
134 613
199 182
679 232
757 760
151 947
463 589
209 614
393 367
476 712
882 839
83 974
229 764
123 361
655 496
201 551
398 843
63 364
147 713
869 940
640 966
291 562
607 120
645 347
683 536
903 875
575 542
559 133
597 50
339 798
654 171
641 792
217 20
1000 193
460 742
926 811
265 784
162 940
749 680
552 252
884 689
169 332
387 261
942 987
283 724
66 732
680 64
148 606
222 971
237 750
474 908
831 840
373 470
391 219
528 35
68 356
15 799
574 29
997 673
357 834
709 253
162 336
73 283
901 939
404 149
101 333
604 116
987 356
271 679
901 572
822 206
779 80
287 713
533 33
3 798
261 683
376 546
638 798
589 202
759 574
595 585
744 269
466 751
677 871
406 329
146 753
920 884
4 727
691 951
123 201
285 218
930 273
769 661
717 247
310 567
223 370
105 599
752 534
830 441
318 237
288 64
865 858
452 289
95 965
646 479
868 347
173 891
423 453
198 470
326 283
238 374
978 874
800 90
395 670
695 983
165 120
995 937
354 35
333 98
147 594
78 467
614 808
540 139
389 753
16 375
385 339
19 652
601 316
231 201
32 513
309 783
64 228
410 130
267 279
178 422
841 254
969 433
20 581
628 658
794 44
634 303
338 160
732 880
755 529
554 684
594 881
831 876
562 147
371 137
249 613
965 359
185 973
615 433
444 698
506 787
103 471
305 356
882 406
901 528
461 25
250 1000
180 711
272 762
989 515
718 67
885 722
125 861
146 578
552 961
772 914
95 613
21 642
573 949
651 791
67 254
275 11
294 293
497 175
488 73
397 548
74 947
702 483
118 424
264 999
651 757
363 595
308 496
471 516
241 51
389 785
13 613
624 636
272 5
243 842
118 330
9 774
601 860
105 877
198 306
625 102
305 638
890 130
527 253
341 330
574 184
723 606
261 903
106 548
566 780
201 840
553 483
348 745
335 285
249 84
472 309
861 805
697 956
240 817
62 65
502 401
267 314
918 391
645 693
650 865
387 349
705 458
120 854
652 215
301 511
763 572
250 473
35 303
309 916
247 435
656 33
236 619
348 45
990 388
600 510
908 399
280 932
753 266
289 682
200 91
220 215
833 981
650 677
102 934
929 506
672 192
441 192
613 314
926 473
453 681
152 290
671 303
267 989
397 870
971 577
95 601
115 311
318 504
428 616
394 296
716 460
973 132
354 564
299 477
891 263
603 139
287 35
738 490
852 666
673 57
485 587
881 446
942 911
959 855
226 889
88 169
948 228
380 486
346 690
242 451
744 769
216 218
70 725
400 481
679 293
238 623
577 167
292 912
191 671
876 540
112 42
517 299
235 440
42 213
959 666
624 981
643 349
663 134
334 520
84 55
451 748
359 463
14 734
606 84
109 548
572 220
295 935
98 343
908 330
515 36
849 850
112 502
754 957
871 86
787 213
124 953
732 824
292 841
149 960
426 711
889 787
873 374
11 931
358 510
395 64
490 206
475 190
917 459
443 348
710 754
471 867
970 583
845 857
385 219
894 510
54 225
738 858
685 961
10 75
301 568
251 757
432 809
640 206
751 192
509 821
609 259
488 80
507 476
16 711
421 37
219 448
971 855
320 697
673 251
621 741
626 189
236 836
755 291
403 118
100 212
856 906
32 348
837 841
398 447
242 777
202 275
392 116
940 140
70 535
787 77
5 392
652 885
134 548
854 119
331 214
4 48
575 315
354 173
29 387
412 269
312 386
852 771
985 230
949 618
921 654
776 135
61 131
320 3
563 193
856 117
966 142
731 823
738 105
634 54
282 195
757 255
921 424
634 409
236 414
766 698
474 433
516 495
882 274
774 767
477 149
391 325
193 710
404 944
701 678
766 404
326 565
664 612
258 269
158 882
713 249
291 957
193 913
196 80
989 397
105 359
775 22
106 357
34 6
996 334
135 260
507 267
682 573
795 509
919 952
423 9
686 625
629 258
129 964
422 323
460 18
668 623
742 952
446 69
359 796
638 761
454 560
290 689
916 365
475 759
260 265
664 117
104 139
51 388
33 145
507 198
792 418
631 257
62 4
670 327
660 31
344 297
847 857
351 110
8 64
227 601
679 284
759 18
160 506
269 184
660 575
79 737
65 979
356 662
875 398
123 741
35 583
142 297
456 528
588 809
330 9
687 87
869 848
106 592
718 891
511 219
662 965
800 424
585 902
639 223
841 364
734 225
827 961
240 869
580 655
391 280
327 311
328 264
165 699
84 845
712 622
767 200
606 846
934 705
115 881
25 491
839 700
382 441
409 875
110 551
435 955
534 389
738 544
704 496
742 24
266 183
893 900
896 258
237 608
168 685
850 953
754 438
500 706
267 803
897 232
864 869
439 609
462 642
161 149
200 365
241 327
651 421
975 960
391 531
307 620
878 245
205 722
845 468
848 440
556 905
170 220
336 236
929 25
694 795
308 66
997 378
982 6
86 75
380 364
204 130
498 931
389 784
910 466
786 164
787 133
626 423
455 19
204 785
298 346
852 613
925 751
639 703
166 221
740 306
388 367
463 949
502 69
327 85
18 988
249 91
856 45
49 100
567 705
884 635
706 563
908 219
196 581
896 819
474 803
715 291
496 539
905 654
505 291
433 14
775 950
490 457
609 149
917 724
823 142
914 742
438 168
934 749
352 41
435 12
335 848
956 439
158 827
362 926
733 189
220 16
628 405
690 720
999 350
400 526
185 1000
28 168
651 199
784 420
807 504
864 146
612 528
476 669
225 616
209 35
119 544
465 185
621 990
858 432
966 975
642 945
72 82
719 653
309 267
825 922
206 739
815 819
673 222
454 745
238 48
169 623
914 162
357 20
254 835
786 998
199 319
401 396
240 436
419 967
373 632
462 811
265 429
126 896
587 670
635 503
242 827
627 689
447 445
88 887
752 430
389 901
674 565
329 476
91 749
611 498
799 749
766 850
988 887
231 287
454 196
420 892
204 539
886 219
240 925
155 249
709 562
657 159
568 270
127 237
463 175
429 779
416 634
805 240
202 391
97 187
740 923
677 966
852 428
927 306
133 428
110 786
315 74
797 834
767 128
399 666
715 557
591 118
573 455
158 791
90 617
219 775
397 836
802 794
345 861
586 933
971 945
521 866
986 675
354 917
261 423
486 482
803 444
253 493
368 857
440 694
457 760
256 140
557 245
543 422
363 990
894 334
258 874
777 938
704 710
725 996
786 552
256 375
224 571
759 709
673 250
859 147
823 628
720 187
308 235
78 565
375 77
123 333
159 860
329 781
494 293
438 964
209 199
262 607
302 728
998 853
459 321
420 547
113 55
575 469
333 554
248 810
924 243
908 712
48 934
782 209
613 32
680 631
743 644
101 694
925 727
490 570
967 60
381 943
256 802
192 928
636 939
305 583
912 425
142 338
643 114
2 417
710 16
539 202
585 536
508 664
108 163
754 621
581 384
598 474
66 683
608 582
18 710
406 252
904 699
670 966
529 210
933 304
675 329
310 96
607 574
511 405
663 504
939 994
836 920
581 159
269 569
296 617
461 785
651 289
676 112
305 237
987 457
381 90
509 5
914 833
220 472
699 578
888 114
76 858
193 912
267 169
340 993
713 329
436 736
491 663
699 170
953 299
621 321
595 986
372 545
524 486
820 573
379 327
859 977
356 125
392 307
428 561
778 297
656 980
414 996
131 522
912 969
146 466
790 942
967 903
906 407
85 236
468 740
530 299
91 567
969 244
1000 318
317 457
598 58
428 998
400 411
623 477
165 273
596 591
597 242
394 805
948 332
218 545
971 37
744 745
304 726
87 769
131 59
451 790
801 727
19 654
600 87
1000 785
140 138
88 363
775 841
398 758
644 228
997 713
887 540
712 512
412 982
567 898
749 539
533 542
241 984
504 712
538 132
649 741
27 649
746 803
984 724
487 259
934 710
495 788
23 957
282 361
624 474
992 94
774 506
836 839
697 371
12 257
231 655
487 737
776 803
243 69
850 39
499 239
245 543
159 323
775 117
797 733
390 29
102 779
548 433
806 661
720 470
441 27
320 964
245 817
11 345
530 843
409 737
937 859
441 900
722 271
531 719
345 288
310 614
648 529
320 738
177 439
549 791
90 20
94 564
397 691
483 802
535 909
813 221
924 132
726 24
85 128
807 675
51 272
270 50
623 384
498 563
562 956
619 693
353 441
981 55
31 720
982 336
490 626
745 722
681 171
999 955
297 146
989 110
182 718
505 453
238 284
79 885
948 582
918 298
97 158
193 611
319 65
89 562
219 751
122 250
787 689
12 566
150 115
351 662
45 871
451 528
179 545
715 691
789 408
956 191
599 829
25 594
908 58
68 303
585 131
456 457
169 673
129 470
742 426
214 755
694 265
606 581
457 626
354 910
229 478
710 551
293 881
300 383
926 479
603 382
472 748
16 590
915 938
57 406
720 434
793 266
318 367
509 640
275 440
775 383
134 141
372 648
946 959
414 941
660 973
898 838
77 845
947 539
656 796
826 420
80 206
446 493
655 251
492 347
330 650
829 692
481 558
639 246
762 649
962 87
726 36
928 235
677 480
495 547
167 6
77 512
226 986
53 907
705 439
114 519
80 635
664 438
710 507
156 309
562 642
50 494
306 68
108 184
349 162
98 482
62 537
139 556
377 41
821 724
19 710
369 701
62 744
813 309
61 432
233 443
845 740
274 795
791 258
665 553
390 665
211 396
892 65
953 707
266 874
267 63
182 142
93 865
538 926
131 604
426 596
524 157
728 512
555 561
427 834
581 877
12 600
252 285
732 463
717 285
699 254
771 669
756 453
600 333
462 328
232 185
440 805
997 78
138 149
215 897
237 841
608 291
720 301
393 33
68 741
272 994
45 567
521 317
741 218
579 243
337 652
319 820
124 204
717 161
668 299
460 30
320 456
606 506
459 927
874 818
13 828
431 29
696 130
899 807
402 373
494 759
778 1000
709 900
948 20
567 136
420 145
717 741
611 126
922 767
460 658
779 858
687 957
389 666
212 19
511 33
493 849
378 886
107 92
698 713
382 854
522 356
511 182
79 978
64 393
250 428
876 296
261 966
5 876
67 907
799 346
987 554
666 942
163 444
899 368
415 612
116 452
569 830
344 711
241 797
974 839
855 615
427 640
16 857
789 178
633 304
943 697
693 534
978 156
941 296
615 337
784 493
108 389
475 954
836 198
522 305
831 265
428 268
884 389
298 800
839 84
932 787
772 584
591 574
906 178
526 635
334 835
911 135
937 536
720 152
369 78
521 345
78 534
741 254
512 180
363 616
744 645
886 580
902 985
212 627
273 785
830 15
388 486
122 864
449 240
682 14
320 323
981 18
527 154
524 982
542 407
177 693
910 129
285 652
291 979
83 341
999 995
191 806
430 490
61 278
248 259
504 877
912 180
514 408
550 378
329 70
883 683
115 597
226 454
615 800
14 519
883 600
921 315
633 1
19 583
905 882
178 308
539 922
309 558
861 17
607 541
3 419
701 712
408 273
56 908
835 834
628 88
31 81
749 828
163 41
861 386
131 519
580 318
672 801
323 815
163 182
908 895
824 759
953 469
649 999
8 964
765 72
56 976
383 817
42 751
663 963
578 557
461 231
542 144
764 768
980 837
730 656
950 405
631 756
773 484
647 463
85 572
942 385
697 186
916 412
898 867
777 882
542 434
891 380
143 13
237 162
369 106
562 859
670 278
213 457
655 230
161 358
843 846
41 887
297 861
947 732
750 147
643 36
934 490
83 930
123 421
490 992
700 531
350 140
209 828
653 675
729 5
431 213
456 959
850 630
574 191
207 434
687 900
528 531
800 232
765 816
969 743
287 411
164 214
537 759
782 725
943 844
163 278
678 427
415 400
370 846
296 885
776 447
690 29
12 113
529 153
956 184
760 297
7 302
541 786
448 975
306 485
510 157
681 759
990 395
866 685
119 879
376 161
701 605
52 158
599 647
710 548
642 796
500 544
85 766
724 213
251 746
290 418
661 145
699 834
925 468
798 834
830 389
271 958
882 155
205 134
850 701
959 493
430 434
712 294
767 145
739 591
651 645
712 437
916 295
310 754
77 733
425 260
160 215
218 341
551 53
172 646
583 868
491 625
125 674
915 470
99 91
691 319
428 943
657 883
985 30
804 998
52 835
532 597
147 689
924 399
718 919
83 668
249 132
35 513
878 557
311 500
259 73
886 72
942 334
410 39
670 857
340 420
325 200
97 185
939 872
212 222
268 24
387 698
562 116
676 252
202 359
758 848
580 592
140 945
515 199
111 686
628 324
684 694
336 588
618 190
874 196
267 62
737 196
957 983
816 213
893 985
328 911
722 35
480 730
768 775
200 201
719 754
298 698
797 644
569 733
436 812
249 365
703 814
280 208
467 974
764 840
391 708
416 272
517 918
522 124
228 29
788 159
212 396
526 527
930 376
290 539
510 934
591 891
207 822
688 426
381 843
790 883
646 503
541 195
636 199
32 61
381 828
844 436
683 894
78 988
43 735
512 165
378 34
660 550
4 194
506 206
549 810
308 632
916 895
979 743
785 76
568 358
236 490
185 414
792 948
923 218
907 252
356 979
876 154
909 435
550 351
734 8
97 197
926 958
835 903
729 392
676 129
93 49
844 975
723 230
5 875
559 340
908 108
298 885
845 647
130 172
666 10
634 235
651 466
396 231
585 90
586 229
835 989
684 666
857 510
146 612
824 877
707 984
120 222
230 167
241 638
556 243
495 65
889 526
800 366
875 559
441 253
688 10
300 320
655 638
103 653
513 81
293 921
702 575
295 127
355 720
546 27
842 926
187 697
898 668
225 880
270 314
91 875
950 233
151 525
33 150
531 915
806 299
699 729
674 921
367 684
734 843
522 709
299 708
838 619
640 664
131 287
862 426
812 894
984 235
251 316
507 918
769 853
57 619
294 840
98 73
868 421
62 500
672 408
305 609
301 709
325 878
169 498
524 572
173 426
247 601
782 892
141 76
899 32
168 54
630 26
227 533
196 620
81 676
299 457
486 925
325 17
736 408
789 386
351 717
69 28
456 431
148 493
964 461
776 738
362 953
350 963
894 906
25 15
148 195
846 414
918 827
595 154
841 830
755 928
498 395
608 698
764 914
51 809
510 546
974 493
333 475
890 1000
300 292
138 219
254 551
369 271
342 474
787 315
751 106
807 132
468 548
247 72
48 514
929 911
142 972
592 79
829 686
246 256
284 101
178 544
913 403
416 917
643 566
476 797
230 788
19 353
293 66
703 395
597 148
937 307
709 970
691 339
284 815
370 628
791 820
377 418
911 719
680 879
421 383
740 531
359 423
876 83
895 241
92 738
524 695
227 561
966 100
757 97
256 674
693 905
507 815
500 389
751 616
158 687
604 363
798 976
861 116
129 443
2 939
455 775
371 397
82 125
581 85
305 218
552 357
326 624
466 847
594 224
462 80
599 529
176 73
586 908
96 144
849 310
19 350
895 80
253 127
29 760
96 271
613 294
465 190
176 183
416 390
271 776
629 524
208 216
10 34
324 646
876 987
493 249
333 336
543 749
825 8
699 547
646 238
392 205
103 955
87 278
90 502
492 454
865 932
937 599
864 721
651 533
104 198
414 589
22 706
833 311
9 981
906 429
854 111
839 505
666 542
113 153
428 378
955 1000
613 732
357 44
251 375
217 139
863 4
792 699
869 947
696 343
900 654
387 14
572 410
297 244
602 641
490 743
805 108
292 433
919 244
266 724
895 149
936 100
649 577
210 889
62 750
947 356
145 738
116 901
586 127
789 442
370 706
27 627
690 401
699 421
737 106
520 720
922 204
615 73
422 927
222 669
831 561
633 282
449 787
908 318
159 372
197 961
200 123
805 642
917 56
863 881
422 747
349 951
812 49
570 203
836 447
450 366
930 36
767 705
533 121
590 74
445 553
377 851
750 268
935 394
204 400
22 142
375 777
725 594
543 705
91 782
590 356
901 391
939 92
704 999
132 145
159 857
915 23
73 241
208 881
941 791
526 959
30 718
749 206
659 238
792 505
479 77
429 680
213 113
365 342
702 47
812 923
501 310
732 227
711 167
397 475
606 395
127 247
773 768
631 972
317 132
544 72
796 360
490 584
786 397
888 987
338 516
445 288
469 426
291 902
340 313
313 918
443 835
887 644
429 876
321 611
948 568
295 839
650 850
120 803
853 645
736 509
153 203
979 83
525 99
818 239
250 541
295 711
410 333
718 479
250 767
792 287
607 729
167 764
115 183
759 870
138 450
150 227
286 218
955 504
676 838
844 217
257 496
276 84
918 911
613 493
449 616
214 424
140 523
713 479
362 759
20 81
537 169
208 273
618 452
376 551
309 61
150 839
674 69
33 75
822 721
787 286
826 376
351 295
703 978
765 373
604 949
787 399
632 566
25 648
457 791
906 259
726 128
472 883
971 363
350 884
133 146
355 30
63 337
263 787
51 313
660 741
807 854
220 88
904 143
762 719
563 402
925 263
415 969
74 717
131 286
773 979
446 519
680 340
899 773
773 868
711 24
465 858
856 85
417 927
498 521
739 288
28 451
178 464
753 588
2 162
903 616
724 59
266 639
32 629
89 580
330 358
900 558
11 257
487 316
186 75
17 271
419 36
500 953
980 387
488 577
944 468
750 904
885 443
478 995
196 176
516 771
707 836
980 720
837 713
196 199
845 238
883 7
405 957
599 963
565 735
358 631
788 114
315 928
807 135
618 124
280 440
725 522
978 792
167 44
293 670
664 478
494 369
597 448
909 641
7 588
1000 406
194 117
15 65
623 284
184 195
458 430
556 683
467 596
51 277
806 167
848 873
756 866
170 397
958 482
725 477
892 354
680 562
588 107
237 339
478 71
99 142
248 724
466 951
654 74
217 223
182 859
532 546
100 556
843 140
737 641
764 949
922 821
830 922
156 834
925 958
965 881
748 7
141 111
127 90
516 141
41 811
154 458
230 337
545 651
605 315
143 790
37 319
899 428
775 513
114 987
743 141
546 843
382 255
166 748
114 815
614 442
906 579
615 983
157 731
126 224
328 183
390 180
945 56
302 186
486 152
47 604
205 320
135 564
831 737
953 390
645 493
135 426
160 702
626 545
475 119
314 187
833 857
724 642
973 21
897 200
323 817
906 22
779 236
450 186
651 822
266 280
548 694
589 30
366 489
886 736
48 298
194 38
262 848
587 517
716 359
170 949
424 575
725 671
857 271
820 133
70 556
803 849
682 162
904 248
910 434
839 504
181 766
170 926
276 678
155 479
263 1000
30 909
217 138
697 656
514 334
790 695
951 992
842 637
277 721
995 996
246 190
446 556
933 38
130 309
474 796
524 709
909 61
148 721
397 296
61 348
120 217
50 207
378 704
542 430
662 974
439 451
44 497
406 136
400 817
681 320
700 228
461 392
279 385
287 44
969 221
453 308
148 422
729 765
234 165
272 394
55 433
519 262
576 344
448 715
311 53
641 412
842 567
721 718
194 582
267 798
841 757
720 514
992 359
132 656
974 443
10 116
484 131
470 874
831 359
952 78
820 980
927 912
967 615
699 369
395 198
258 793
977 151
636 396
319 928
341 856
790 40
753 424
371 561
787 50
805 72
365 51
339 318
450 979
120 977
167 466
40 995
557 710
834 77
653 519
726 71
449 233
485 763
770 483
199 61
118 183
523 715
599 444
427 451
520 83
98 163
522 513
446 633
910 168
805 446
735 957
41 65
118 287
464 840
636 534
567 660
363 455
538 928
338 404
304 524
122 271
69 260
748 898
112 297
476 266
260 539
981 447
505 366
378 740
641 572
344 940
554 547
793 873
480 188
229 697
370 743
866 736
408 312
281 46
763 872
233 293
395 18
93 977
297 820
33 526
170 332
695 52
182 105
384 208
633 309
33 767
34 144
873 119
855 291
470 775
634 824
38 426
624 783
569 767
972 716
919 951
445 588
247 320
484 54
121 980
530 754
656 953
551 776
792 137
722 438
312 661
414 1000
416 28
824 137
536 829
369 220
430 686
360 937
753 182
842 874
981 942
394 862
141 436
356 524
947 995
736 862
790 639
960 278
189 817
344 251
93 448
735 913
518 953
120 610
373 954
531 446
663 197
829 189
67 842
429 847
567 617
328 446
473 699
844 926
538 273
650 887
778 155
596 15
790 510
363 994
653 64
250 463
182 440
370 696
336 1000
780 69
598 708
323 754
30 100
861 110
275 887
573 410
154 340
733 84
914 782
607 687
421 878
334 1
889 974
31 483
324 127
822 490
751 432
721 645
828 703
171 740
604 86
676 891
436 704
238 332
810 414
591 328
209 58
361 135
716 527
467 77
811 805
119 456
135 359
534 619
574 516
223 446
258 812
670 123
565 847
454 646
551 812
975 892
579 63
177 791
108 637
789 760
593 399
354 413
1000 407
291 799
323 394
864 678
905 100
635 229
835 487
259 291
795 917
902 587
798 520
517 416
847 937
761 552
13 475
193 212
675 888
674 669
652 316
768 198
100 557
853 489
125 843
692 809
737 640
317 828
688 944
875 254
197 262
143 992
793 519
853 715
875 143
623 945
628 589
610 464
405 314
577 281
886 269
727 779
693 919
654 391
22 61
591 675
372 50
942 130
266 995
233 364
658 589
328 184
435 764
239 450
149 950
577 571
157 587
608 991
936 966
159 216
962 858
746 37
620 526
569 996
987 309
662 367
955 211
115 110
281 256
16 563
992 348
793 157
578 925
532 179
190 407
824 517
769 388
399 321
39 222
388 982
885 688
355 669
779 239
600 768
200 398
110 145
354 607
160 780
177 930
821 457
387 558
407 473
940 457
445 997
490 788
506 757
158 410
414 544
381 563
1000 499
907 609
982 39
949 294
91 962
234 368
372 985
319 754
730 183
911 926
995 9
541 365
16 714
394 790
577 185
902 710
248 753
869 945
304 771
398 993
681 139
554 155
574 350
830 804
925 528
486 750
72 654
677 95
515 780
255 423
573 30
95 334
652 403
447 785
370 798
667 246
210 887
706 528
637 828
636 721
326 801
292 145
258 1
481 200
62 895
945 377
283 638
785 528
137 801
839 754
681 720
441 411
392 7
409 949
747 339
784 231
783 987
382 506
504 759
794 256
327 784
111 905
348 301
723 267
318 557
410 696
105 32
34 252
930 699
993 529
430 260
256 221
722 547
66 316
29 936
730 855
12 698
713 515
364 569
884 476
958 895
951 930
691 343
247 492
153 702
506 678
532 48
81 181
589 1
770 939
132 326
268 774
251 70
752 737
273 664
129 668
122 985
771 303
384 59
437 583
352 989
369 785
498 631
449 153
514 767
491 258
259 392
892 538
948 484
93 507
661 953
701 252
115 502
942 766
102 831
268 473
752 60
409 341
1000 826
931 760
273 262
131 992
794 160
122 383
585 893
692 519
844 970
386 174
654 639
211 428
729 687
54 778
555 883
612 864
793 906
153 491
375 714
874 39
852 177
894 34
43 436
371 35
269 874
600 555
106 476
417 287
715 810
898 454
441 145
594 57
577 781
263 312
885 544
470 772
445 730
745 76
730 696
734 53
219 437
665 275
87 213
33 73
133 603
707 25
468 515
342 44
713 648
787 401
437 264
359 21
815 615
686 853
599 140
185 336
632 679
403 884
213 418
895 666
342 782
95 962
406 555
958 452
562 917
982 478
341 462
325 585
271 439
296 321
408 955
207 565
304 491
875 503
855 565
936 369
305 614
67 572
736 718
294 734
153 538
634 229
407 917
435 340
109 597
519 884
443 865
362 371
550 382
364 421
535 14
787 994
79 946
316 320
409 162
233 486
412 979
16 12
92 319
507 24
7 517
111 912
43 794
97 448
315 393
23 952
547 290
14 805
55 75
348 247
258 747
997 718
319 470
656 31
380 704
107 632
73 312
71 989
66 60
922 437
812 671
862 907
632 152
116 873
190 464
873 82
51 810
931 270
462 800
826 56
862 794
522 209
461 227
959 356
542 148
45 484
780 537
271 159
593 236
15 814
177 901
317 680
935 76
354 555
355 862
838 793
964 492
694 797
273 727
40 742
111 657
942 864
407 388
544 694
798 879
407 577
673 391
32 9
903 367
810 40
39 718
721 499
638 181
325 557
731 550
769 773
777 306
672 72
411 28
636 655
900 456
631 950
16 315
36 822
596 334
528 678
213 114
554 966
495 736
614 606
429 178
486 813
468 296
184 863
633 944
685 274
466 72
145 549
174 610
81 935
957 606
559 766
746 915
598 848
180 797
935 607
718 277
258 719
225 384
922 358
301 811
605 838
819 914
896 373
533 128
898 287
936 598
77 260
829 355
271 630
301 956
927 152
729 897
404 531
642 792
185 867
37 962
828 563
998 359
214 470
786 687
676 751
822 128
879 81
603 736
574 545
877 876
906 819
837 973
532 29
10 137
857 412
251 957
114 463
99 353
298 830
674 877
532 371
271 201
221 910
117 589
669 934
911 921
311 701
77 571
425 42
541 364
861 719
113 367
887 415
265 514
875 447
231 286
38 313
41 107
689 695
726 650
882 549
568 276
382 940
478 323
796 892
909 59
307 345
779 531
142 624
250 405
291 205
255 132
644 719
59 377
97 46
597 745
211 985
931 829
70 283
897 765
55 237
496 95
908 475
144 296
680 138
409 948
104 572
747 338
72 218
733 155
534 468
77 343
439 784
554 771
746 6
28 969
327 787
276 435
676 594
95 417
703 952
68 957
569 624
417 227
556 154
410 808
30 113
783 531
592 718
683 281
523 176
63 203
864 914
459 342
591 545
793 410
191 151
671 409
747 815
327 343
355 918
962 146
571 588
394 582
837 818
161 433
713 892
678 766
384 592
96 874
425 356
373 550
156 204
235 589
659 31
548 660
4 936
276 725
174 536
829 324
596 561
512 83
925 721
711 160
566 685
226 614
800 165
912 431
786 392
2 443
802 494
834 412
510 828
782 868
466 260
930 939
277 612
614 663
390 973
676 318
457 96
3 172
408 540
943 768
265 873
412 968
988 367
734 159
239 551
75 526
849 695
666 487
853 627
508 516
788 950
257 186
939 997
150 175
278 848
162 761
804 184
715 975
720 819
205 693
98 967
462 28
764 676
286 334
894 35
107 671
889 929
998 205
440 745
884 236
1000 418
284 554
727 374
436 669
832 985
419 585
718 111
423 433
850 863
815 915
342 323
694 20
253 380
769 451
627 51
95 521
846 211
206 690
82 644
526 717
49 481
381 408
95 670
196 336
995 388
27 207
501 723
7 980
467 863
983 447
34 850
720 157
801 60
252 282
88 692
972 3
132 202
852 729
959 816
866 450
566 623
180 222
994 694
26 708
423 586
173 883
344 479
860 894
458 363
578 168
874 787
981 29
657 831
130 729
133 450
246 117
709 611
14 383
916 799
424 53
601 411
490 314
678 305
735 800
10 773
46 191
88 369
107 63
533 695
23 213
547 455
175 398
141 298
895 63
205 631
297 628
80 900
465 650
893 714
608 838
880 987
440 824
978 49
832 798
742 305
11 915
380 594
572 848
224 974
477 404
483 843
978 884
519 197
909 519
90 555
589 563
497 539
279 755
250 897
324 392
521 700
573 747
392 616
724 617
928 682
871 970
902 114
744 450
337 245
314 388
1000 251
533 303
403 70
55 264
485 462
848 78
795 585
243 564
688 487
284 498
256 595
857 161
14 142
355 348
363 226
166 69
4 96
905 251
999 719
856 359
218 412
695 898
614 994
886 839
356 546
512 88
605 741
71 201
737 533
207 441
445 169
853 503
911 715
71 350
74 462
369 570
499 631
743 424
147 584
952 519
42 520
848 680
836 749
990 338
776 420
597 724
911 389
732 957
805 807
239 691
684 568
166 739
408 451
561 259
124 941
180 879
71 674
475 317
348 37
476 18
244 118
470 752
676 955
504 790
926 295
33 564
78 272
56 659
427 860
101 141
48 23
820 733
129 202
223 766
837 682
161 217
613 179
525 875
266 436
452 479
915 801
788 17
94 760
789 824
354 605
228 102
302 997
837 972
440 110
151 704
899 124
547 635
18 375
402 982
419 972
7 685
138 940
855 809
290 611
196 603
147 982
477 547
973 414
132 130
977 987
942 919
281 924
273 988
514 793
237 308
958 364
359 737
845 887
108 39
499 930
687 935
117 849
305 685
602 653
236 387
257 514
39 928
192 121
780 346
31 976
235 61
678 377
75 916
97 188
886 508
749 588
533 751
770 243
308 304
908 69
567 960
89 897
182 358
20 517
330 445
370 766
405 461
728 889
68 265
715 702
845 623
883 388
153 13
483 818
779 321
999 490
712 828
31 20
949 561
474 723
350 969
993 821
324 278
817 103
871 812
672 878
511 532
865 32
237 545
275 764
601 909
150 716
392 544
659 610
536 407
204 317
597 499
318 269
673 770
364 571
146 642
497 158
670 177
263 517
530 540
199 395
806 433
134 498
636 510
892 80
712 470
949 407
844 211
133 186
962 2
439 219
820 100
933 899
437 724
899 513
207 674
393 406
181 735
682 20
39 467
425 5
977 592
47 250
351 12
237 280
510 199
226 107
681 229
409 426
956 485
908 948
359 410
622 612
603 517
8 67
779 929
176 214
968 390
381 948
554 927
993 405
131 994
102 331
309 658
943 729
527 576
550 675
273 405
794 209
44 464
72 793
145 595
111 600
75 670
684 512
922 189
742 766
414 369
642 12
590 750
379 641
840 365
56 732
788 661
307 52
271 623
284 156
119 707
506 772
31 409
552 688
241 625
572 659
77 203
538 879
263 314
357 43
565 598
250 989
390 406
676 721
492 838
882 506
737 453
246 893
686 526
894 365
287 577
788 90
846 208
394 803
157 117
194 616
593 224
778 483
30 268
695 618
57 178
43 899
261 88
924 776
229 980
857 475
512 138
566 509
995 357
118 500
657 540
658 367
659 58
364 844
860 841
735 367
632 792
322 376
929 704
471 857
222 449
350 154
207 567
9 866
466 955
981 28
985 89
933 153
809 907
131 147
723 589
557 969
356 670
928 183
86 483
199 832
919 203
320 103
123 618
631 754
378 660
624 100
753 576
538 284
278 19
45 892
192 208
987 671
839 918
73 115
384 482
320 968
767 379
709 422
303 565
537 333
677 79
796 762
102 81
726 702
712 741
250 684
842 360
955 91
569 973
370 488
427 883
210 129
447 380
333 415
380 817
586 996
237 600
147 400
86 647
931 304
950 508
57 387
109 744
280 158
431 953
413 94
548 527
609 559
204 325
668 724
280 269
65 548
472 565
916 410
186 699
775 417
378 419
142 806
471 686
722 552
262 655
691 523
229 968
693 89
623 280
871 323
846 871
744 927
212 669
285 983
89 206
569 212
473 175
347 642
866 430
170 393
243 853
53 476
188 373
299 948
784 532
178 969
645 265
463 802
579 525
653 814
986 521
951 521
681 61
810 475
577 508
636 601
892 691
805 196
234 865
620 251
974 709
336 214
153 869
80 835
780 262
143 786
790 235
44 521
603 794
231 117
475 399
903 473
248 3
141 478
509 228
157 797
370 102
794 440
174 350
656 425
14 775
736 135
695 138
55 478
713 867
920 381
133 624
736 594
11 156
395 317
289 786
492 895
110 442
863 792
440 674
367 73
975 130
858 440
816 607
258 926
461 133
814 635
391 734
590 226
168 943
718 395
462 529
66 326
893 371
489 597
932 849
938 274
188 957
986 6
200 623
674 910
631 336
86 111
344 378
75 506
793 987
9 984
429 703
433 644
217 29
40 994
632 848
227 404
216 163
640 581
435 67
825 463
424 464
463 913
818 640
765 893
736 793
379 732
494 845
98 10
481 370
783 499
625 283
676 260
568 645
432 729
494 943
174 41
456 695
508 883
59 379
905 803
656 247
253 929
783 774
953 859
79 229
890 640
396 257
914 706
20 757
375 648
650 620
176 923
283 913
174 461
770 389
534 490
258 721
188 530
690 748
731 522
555 566
132 781
506 848
185 893
298 676
405 896
561 234
216 805
472 719
824 548
807 357
455 378
450 154
654 123
952 328
612 274
8 736
6 415
924 950
392 287
755 298
481 865
246 675
782 447
616 223
881 448
406 915
191 375
657 567
765 590
240 295
203 173
999 641
564 98
74 722
772 407
956 724
5 256
209 749
285 560
397 470
127 427
468 29
571 868
843 251
865 391
887 274
213 266
502 308
567 656
201 783
37 145
168 64
39 839
297 380
374 370
801 700
197 475
760 788
573 144
746 676
999 218
545 695
784 905
487 390
788 961
314 840
649 753
227 989
984 704
179 542
642 410
475 503
511 413
413 565
24 716
6 831
121 525
394 85
286 223
174 15
158 21
971 802
312 421
93 608
850 861
391 657
969 360
794 162
66 268
955 506
225 793
48 318
247 737
731 19
215 930
954 830
976 154
960 831
797 388
265 51
848 257
247 98
506 296
640 368
180 41
881 492
40 668
450 819
658 364
915 423
352 781
207 641
374 146
527 114
326 273
754 340
621 4
127 335
588 979
739 73
528 558
808 334
995 518
830 995
669 575
302 184
107 160
19 662
600 214
166 539
636 677
433 136
69 983
698 756
236 347
255 187
183 892
754 792
279 329
687 188
733 398
951 379
130 27
193 697
733 63
202 697
560 987
408 280
463 306
709 54
747 143
15 837
629 879
614 253
559 596
764 714
732 104
534 402
812 208
674 273
862 910
96 377
719 771
977 416
132 248
924 681
172 198
745 156
29 843
717 478
964 624
906 127
689 325
319 6
320 584
485 234
844 859
198 989
125 851
237 889
953 184
312 304
350 680
264 691
707 105
545 262
29 109
450 194
660 49
647 341
261 42
837 871
678 693
90 366
756 585
596 806
463 745
13 522
345 202
787 31
806 329
311 805
507 874
622 58
551 415
184 183
855 613
913 294
696 210
400 511
38 385
991 101
499 859
886 837
694 386
620 273
322 460
108 61
517 317
207 443
64 187
482 134
726 877
20 693
169 464
155 285
896 925
363 443
348 658
705 343
357 716
249 979
122 323
348 769
538 369
960 131
451 536
982 788
783 813
771 237
24 614
775 653
979 14
620 868
470 647
168 453
116 59
541 924
379 731
988 119
183 151
901 856
956 405
885 489
237 682
38 316
276 410
387 771
851 367
102 860
413 799
395 316
380 854
920 362
879 380
426 410
228 770
30 24
381 380
989 637
483 468
248 723
603 487
971 635
24 192
121 561
218 58
860 637
293 556
55 925
854 391
433 985
195 262
833 947
199 310
756 432
935 194
445 850
692 469
809 663
65 167
672 137
857 131
164 573
346 696
735 166
421 170
792 530
207 633
248 646
464 579
833 43
616 325
28 243
356 704
929 632
882 568
981 324
322 579
767 375
434 9
70 890
257 512
368 892
259 78
120 670
175 354
112 982
306 207
386 87
499 706
61 343
615 784
687 135
466 265
140 74
912 243
491 870
93 38
75 615
59 378
6 679
779 846
379 921
486 95
809 414
403 601
232 741
122 429
362 104
568 851
336 579
727 521
177 437
736 164
867 846
797 635
709 159
305 329
883 818
892 694
25 890
281 480
870 482
341 656
287 734
328 773
271 874
788 55
391 397
384 821
959 14
751 936
698 292
630 683
423 893
36 141
29 198
513 665
881 455
497 510
759 482
463 673
320 593
85 223
948 83
643 628
420 955
536 964
722 787
304 852
625 36
53 531
274 288
152 892
9 725
709 908
856 464
361 790
506 201
605 555
568 632
153 514
400 229
364 302
718 869
655 795
918 379
14 640
456 732
58 624
425 711
562 384
751 962
692 515
586 10
804 453
668 441
643 65
131 885
244 138
921 402
89 995
534 149
19 968
424 561
546 767
358 1
396 294
552 404
391 93
307 979
586 895
73 256
465 478
432 288
455 187
167 843
813 213
837 789
391 771
910 785
40 320
967 874
362 753
537 179
261 902
564 668
376 557
674 492
87 1
237 916
941 706
636 318
33 77
473 262
950 304
484 898
347 410
816 643
929 996
983 297
859 359
887 805
668 263
191 362
229 547
425 170
804 839
381 872
293 454
95 974
242 430
298 364
544 396
122 872
621 114
415 951
715 245
716 138
818 758
486 584
252 618
218 566
776 675
772 27
520 116
424 425
902 642
585 594
217 8
112 108
847 758
188 433
319 745
734 92
477 45
817 127
799 512
454 295
438 952
75 606
611 864
80 489
106 888
845 723
59 162
757 7
408 490
559 369
541 774
57 986
414 498
586 177
418 799
629 253
225 271
922 159
337 469
361 479
951 24
96 28
244 396
323 791
430 537
824 784
220 496
21 68
99 828
707 957
121 552
909 661
626 567
366 778
155 879
305 482
125 225
219 100
970 482
580 107
584 110
215 976
72 322
769 300
399 153
916 53
39 134
407 236
998 601
195 412
988 583
848 434
846 861
669 188
424 114
30 366
875 460
327 280
275 133
673 42
947 695
415 885
472 853
511 732
989 988
479 114
958 606
747 630
777 357
104 399
957 180
759 200
526 155
236 11
516 85
863 190
829 506
135 681
482 135
305 646
896 846
132 664
536 730
22 869
70 17
36 897
818 463
203 683
540 273
926 878
841 310
861 171
441 18
258 54
41 958
908 899
350 436
381 354
525 84
693 914
179 552
737 982
637 629
29 895
582 158
264 415
22 417
775 797
478 679
860 318
325 272
951 124
149 34
816 289
449 776
31 450
253 110
36 468
99 856
150 436
524 321
266 81
882 433
461 165
612 538
25 782
544 935
621 980
215 7
513 921
661 153
280 252
360 42
152 458
863 568
721 23
831 222
636 358
413 465
731 90
642 681
207 949
78 551
360 200
289 348
826 429
151 457
886 533
104 205
968 662
146 462
535 936
874 948
156 27
726 583
703 929
106 820
479 487
424 622
817 960
341 386
373 747
313 673
668 109
373 785
579 602
436 111
145 40
493 600
352 532
549 911
930 899
239 809
644 917
404 722
612 448
743 457
986 666
145 330
960 113
779 535
448 974
822 619
398 695
774 782
56 746
334 305
728 871
710 956
947 410
792 562
127 858
384 428
516 397
480 974
331 833
27 584
600 310
429 436
505 694
880 998
129 408
756 185
334 467
547 254
626 669
291 269
720 617
702 809
816 92
764 610
505 769
181 326
992 381
336 497
7 206
11 267
12 544
159 403
316 399
483 499
858 269
570 249
935 387
367 845
479 775
9 143
411 751
928 435
579 141
601 965
265 102
855 857
930 368
215 766
146 419
807 986
761 792
243 753
942 839
322 224
255 514
155 256
783 130
915 399
1 954
296 362
539 422
620 918
445 201
913 237
967 54
400 312
787 820
809 940
256 828
410 406
887 383
890 193
726 827
801 592
490 691
837 493
888 994
409 431
785 68
491 39
202 94
904 726
482 830
598 896
567 515
59 296
98 270
924 60
253 978
624 202
897 684
221 116
847 416
408 399
897 995
993 116
334 444
923 609
232 706
861 437
607 689
885 319
304 78
827 122
595 134
387 973
414 22
200 158
71 901
920 183
479 564
643 754
686 418
33 354
627 134
276 194
629 604
78 210
315 556
101 83
432 960
569 257
567 282
448 412
21 370
545 376
985 625
146 741
460 5
140 596
454 559
237 181
739 911
551 634
119 177
640 370
584 707
792 429
333 627
320 446
997 476
503 135
331 489
472 233
769 899
204 224
243 890
110 421
970 443
312 705
703 415
247 819
730 283
126 533
445 481
403 603
922 681
812 773
563 185
430 384
251 421
566 828
350 443
39 238
451 768
701 452
714 134
307 356
623 810
507 552
353 230
192 164
710 218
982 927
126 493
117 510
131 963
889 5
818 59
620 243
147 619
951 373
148 518
535 122
667 802
145 448
698 980
457 866
666 118
129 881
361 478
589 606
36 290
419 186
25 23
707 559
64 571
943 759
453 866
770 331
634 900
46 750
627 245
917 121
741 325
695 308
73 541
68 866
544 894
76 312
376 586
820 539
877 534
824 478
586 709
42 359
974 356
228 78
835 62
547 754
986 446
405 554
422 410
522 60
817 616
416 207
475 556
522 911
906 302
378 273
179 288
347 534
118 790
113 245
195 987
787 255
922 538
208 606
501 247
730 511
489 604
408 779
231 259
70 903
715 510
788 138
330 80
97 827
653 956
81 936
16 335
95 728
719 399
297 442
533 526
652 372
391 480
692 597
514 228
879 954
185 682
809 416
944 649
876 504
70 323
413 427
280 769
580 500
727 615
33 607
89 843
257 23
955 120
426 614
428 24
148 239
31 209
793 246
613 477
685 64
450 403
988 919
661 55
245 874
46 629
397 777
660 241
974 465
647 405
375 860
983 29
829 887
67 951
800 611
466 683
177 932
76 174
207 948
264 800
82 987
194 33
503 41
565 990
750 90
186 973
544 727
797 251
730 14
590 654
78 710
490 954
809 806
916 526
800 913
614 304
493 710
113 221
529 304
583 125
60 572
188 395
135 652
367 672
734 330
213 808
749 294
259 176
216 317
67 891
66 602
89 747
606 64
253 973
326 795
809 808
210 768
562 109
84 793
167 728
642 437
715 585
61 939
325 354
85 86
129 415
370 589
187 129
906 753
227 415
486 191
618 206
367 392
637 260
832 444
642 838
384 122
519 396
772 849
483 532
524 358
871 953
517 418
271 711
988 891
699 776
833 830
825 850
382 327
147 314
521 585
142 707
273 624
104 754
667 311
589 410
604 937
792 291
612 492
705 518
480 799
172 573
502 732
48 627
251 92
316 528
27 431
66 75
783 28
184 130
173 778
565 412
359 547
804 956
207 607
344 119
216 918
914 191
881 176
865 555
882 715
496 402
153 663
99 207
796 191
514 616
814 463
106 608
238 299
296 24
101 811
966 21
400 118
786 465
81 695
795 415
83 417
250 434
917 905
995 628
31 214
789 486
841 583
813 416
525 492
823 851
73 437
975 444
210 6
999 266
732 135
716 828
419 366
977 296
922 347
446 903
33 752
443 821
306 644
570 457
399 481
264 758
742 251
724 594
570 129
489 359
626 608
509 892
885 87
556 123
651 905
1000 970
508 52
792 97
43 217
6 495
988 542
357 265
609 624
22 214
268 849
33 60
259 558
422 462
189 433
891 219
584 673
459 341
436 222
945 449
77 668
170 14
338 924
100 835
344 309
566 608
270 93
294 103
692 62
722 772
682 500
574 62
297 18
579 900
529 367
450 720
113 298
830 791
249 218
984 99
721 176
355 450
17 189
831 63
994 247
526 334
175 292
490 438
572 152
476 229
446 27
712 523
595 654
862 324
230 399
267 403
583 393
514 176
827 187
166 843
261 829
675 511
413 158
276 274
300 104
806 934
642 159
470 422
707 959
48 96
656 367
569 578
542 783
140 551
677 587
510 555
261 373
674 14
116 533
137 392
985 588
472 569
720 239
66 115
121 556
858 801
695 586
899 685
935 219
204 39
942 781
445 843
726 164
604 810
258 346
61 795
872 216
839 268
518 739
299 539
853 144
247 865
431 117
587 460
398 157
184 297
592 358
403 521
62 270
946 421
786 442
259 454
499 973
575 756
541 420
299 825
212 494
306 87
89 285
294 764
481 475
856 57
430 12
359 478
560 944
514 451
973 906
409 279
690 128
840 749
838 8
658 930
700 105
405 323
244 861
904 638
889 32
655 913
139 63
941 162
559 279
728 785
658 580
309 520
145 543
287 639
849 515
442 171
889 770
829 477
603 572
196 510
444 764
564 897
863 54
28 995
909 550
489 29
966 537
36 470
868 543
116 804
211 584
86 564
661 54
632 186
615 403
673 904
836 76
497 518
198 382
333 152
431 601
26 602
350 651
122 746
820 879
590 273
260 294
29 255
432 759
110 731
787 463
516 124
898 33
938 161
367 521
117 934
812 650
338 981
544 744
449 250
13 555
86 99
894 794
39 513
781 309
247 212
32 43
252 718
661 42
496 24
570 186
207 634
928 85
643 426
474 290
977 760
909 339
516 75
420 864
246 182
451 842
14 312
364 197
342 594
173 489
598 458
254 976
35 408
109 535
737 790
849 828
757 219
169 322
978 728
780 294
874 409
616 458
361 746
288 688
413 365
153 246
227 933
624 319
606 867
934 682
137 810
482 749
853 970
968 316
966 347
328 219
310 479
629 179
701 518
44 271
518 906
603 536
250 736
970 761
81 97
650 763
615 209
513 161
2 678
793 209
43 478
206 958
432 855
408 248
185 129
556 144
977 493
751 215
698 449
811 188
59 537
25 921
389 408
891 464
765 503
427 954
78 406
461 310
302 778
232 66
160 815
267 581
397 526
604 938
55 994
283 273
302 885
748 733
967 893
475 535
648 931
385 771
155 661
247 11
125 747
91 551
479 436
853 231
321 62
105 647
783 140
967 163
330 804
296 364
758 300
192 781
174 653
726 974
758 351
777 332
136 324
657 230
749 376
622 766
550 107
795 112
745 957
174 879
658 200
182 650
810 415
304 516
614 473
201 924
273 511
130 384
921 443
150 71
11 655
712 528
305 942
608 705
951 275
850 386
596 98
136 896
690 475
301 5
782 571
16 182
455 817
573 398
6 295
281 54
45 53
211 437
379 791
490 132
456 12
310 443
466 386
638 223
909 998
706 172
375 624
820 739
665 442
54 47
400 578
827 493
99 914
617 977
195 135
695 210
110 374
682 671
367 141
523 69
46 946
513 943
309 4
4 780
111 136
993 679
25 629
890 845
47 752
414 833
952 360
864 948
620 857
833 571
996 81
834 788
462 589
247 457
864 672
871 118
613 936
272 257
307 829
237 68
903 257
935 135
557 657
527 457
624 590
345 99
338 812
874 906
881 194
458 149
810 206
410 680
740 259
22 760
2 486
294 838
647 838
13 166
363 161
256 905
883 527
883 323
486 681
123 609
624 10
641 277
59 473
352 333
943 189
269 798
770 435
535 7
633 925
727 895
88 486
205 625
780 125
965 55
895 394
398 435
202 677
723 125
872 833
293 443
163 939
325 313
383 631
704 350
724 913
286 172
827 408
441 325
3 586
851 270
319 300
747 417
875 628
572 588
127 439
262 68
194 902
837 688
536 421
111 63
997 58
941 496
836 504
179 60
786 725
788 123
807 297
403 223
36 659
523 254
356 5
802 937
216 656
879 171
437 452
318 89
344 228
524 373
522 428
985 365
490 821
643 659
972 93
709 776
87 618
682 70
61 907
868 365
468 883
179 448
535 615
922 536
800 116
344 48
736 882
420 845
593 579
867 188
117 261
304 750
633 647
325 840
911 721
520 226
615 667
501 23
235 87
330 161
224 420
652 374
429 171
856 169
418 604
92 363
572 189
594 549
656 724
371 420
478 392
943 966
547 489
766 767
269 73
788 901
475 386
202 374
261 771
888 361
837 80
676 82
70 321
82 115
637 739
747 367
362 899
549 445
606 678
978 57
279 700
715 444
175 895
454 416
806 963
73 733
138 387
677 956
485 40
368 810
833 848
580 59
419 519
538 723
10 40
449 728
487 13
105 366
966 843
235 60
224 556
354 599
599 111
967 523
760 573
692 290
30 329
881 479
856 817
332 401
248 940
952 126
754 182
386 636
901 75
942 921
180 156
311 698
886 778
204 648
47 236
263 995
964 892
179 476
626 335
863 14
352 952
323 315
905 362
1000 552
654 47
13 157
674 697
1 893
990 903
552 291
443 704
279 62
193 571
190 591
302 133
468 117
966 156
244 840
880 93
495 668
496 342
69 152
36 928
679 654
723 870
120 785
176 547
435 610
602 937
456 307
40 434
607 408
266 572
508 767
839 597
788 921
535 188
940 684
136 884
50 806
664 534
741 552
464 344
693 661
508 477
370 674
467 715
135 112
11 46
106 480
699 157
920 350
793 208
580 136
266 112
341 668
875 572
492 856
627 175
628 156
924 749
64 771
214 787
955 469
8 534
312 236
792 182
811 242
963 975
970 833
164 1000
613 818
555 233
613 297
647 665
238 771
130 152
130 827
989 912
204 104
812 623
62 26
264 941
651 555
503 188
973 444
117 554
781 585
138 733
88 800
86 255
493 791
887 459
116 30
736 843
398 858
915 364
535 687
369 922
152 832
340 237
285 700
700 349
98 43
805 54
19 641
701 101
192 737
373 20
433 359
35 439
842 13
951 765
532 961
121 212
638 403
639 190
839 936
988 358
154 186
192 377
624 348
535 192
370 540
496 943
280 716
706 878
447 608
676 106
324 12
931 60
695 15
291 349
350 150
561 47
133 558
968 55
772 229
310 218
809 857
888 238
508 199
328 805
592 530
257 383
980 821
323 234
515 491
590 172
424 819
756 348
54 505
612 307
170 234
797 415
982 133
25 598
929 942
366 430
744 26
7 610
307 828
294 10
828 543
463 641
744 937
985 385
144 751
431 787
541 188
28 17
981 949
1 923
88 939
485 919
601 325
23 415
419 431
340 1
748 134
161 914
292 364
347 971
264 389
486 686
69 350
466 780
1 726
365 739
205 782
867 353
684 821
913 889
53 902
665 366
930 890
315 163
727 894
139 497
533 89
236 743
857 985
524 996
987 514
380 1000
375 877
158 713
768 525
953 519
573 514
500 818
429 266
379 675
430 541
699 84
98 853
504 66
500 673
102 949
965 505
968 83
257 298
133 663
651 38
157 305
234 388
72 503
971 709
147 263
650 402
797 321
855 580
449 755
580 344
676 578
237 884
195 453
539 950
685 652
100 444
907 670
76 133
939 1
561 535
338 355
105 403
734 966
540 651
692 618
137 104
360 895
89 167
677 622
750 44
952 99
789 624
497 442
924 153
47 858
52 972
199 111
937 258
853 471
299 419
108 980
435 109
496 77
494 712
26 594
958 379
911 675
754 452
972 403
813 913
870 706
887 288
544 138
728 215
620 413
738 149
600 201
296 67
246 219
856 59
970 15
664 491
607 327
738 146
171 895
577 272
747 531
282 444
174 134
982 809
286 607
63 650
300 808
984 701
34 412
969 47
222 936
11 948
603 574
841 997
988 76
664 938
480 347
618 209
12 474
56 666
720 641
77 316
318 512
978 201
615 316
48 14
581 892
414 109
825 714
128 150
107 890
436 860
627 67
783 883
301 598
837 548
930 134
732 286
405 584
475 630
90 74
436 114
110 9
223 252
856 957
363 671
498 870
27 452
501 517
941 808
636 64
176 991
382 408
713 938
643 543
792 535
702 62
263 994
268 712
485 862
145 147
327 175
240 31
520 417
836 792
900 871
563 325
505 141
105 971
70 855
736 799
697 527
956 812
437 574
294 664
252 797
326 124
922 895
513 577
745 848
407 981
178 63
476 312
439 420
539 26
156 586
254 381
2 96
495 637
181 424
904 540
300 893
528 408
603 892
306 298
789 463
476 94
849 732
867 663
483 938
118 527
410 380
304 215
965 14
842 347
764 746
993 221
576 291
120 95
945 82
880 617
340 979
935 712
684 456
327 804
997 927
634 955
138 420
509 961
305 477
6 119
300 336
682 584
21 346
835 106
466 763
750 283
473 301
626 861
312 237
590 192
77 915
954 91
445 943
281 694
46 886
17 616
623 120
459 223
705 539
925 22
378 485
267 724
40 678
534 778
350 903
1000 472
412 126
401 235
795 935
696 32
400 429
463 962
549 845
810 295
887 379
255 503
326 457
734 474
771 364
610 220
645 331
630 155
652 473
835 853
102 499
620 116
433 358
680 929
610 62
174 79
802 652
875 78
303 681
658 243
722 57
974 950
837 134
250 544
419 491
504 199
622 511
513 481
438 98
785 988
97 300
337 381
923 530
1 759
728 634
802 961
505 967
146 797
228 993
376 852
251 576
50 557
931 140
870 292
242 773
242 384
722 251
561 191
287 697
475 905
77 85
258 977
11 299
756 341
362 525
426 238
416 328
787 299
642 762
560 497
405 640
686 755
416 167
258 148
720 149
631 353
583 514
769 534
592 95
555 101
167 283
761 824
483 94
265 279
29 342
216 323
895 653
289 393
277 972
526 785
929 729
288 207
252 752
199 27
868 474
853 106
252 122
434 232
640 515
808 421
321 377
866 231
448 879
598 278
431 181
680 895
734 438
336 224
648 413
979 429
14 758
217 490
967 9
576 175
500 112
279 214
981 488
524 144
219 657
218 964
240 660
442 432
867 497
460 905
305 968
912 48
571 465
419 64
628 738
561 287
101 558
248 238
157 716
429 103
224 662
624 377
419 209
314 985
940 885
943 514
630 665
76 883
573 513
975 413
372 198
979 854
28 922
660 832
236 789
96 128
416 45
358 256
684 400
135 456
231 611
396 948
663 982
341 964
234 532
881 727
996 224
318 460
363 805
492 583
733 671
312 165
505 7
527 265
450 79
927 739
750 66
756 599
631 325
78 639
393 245
378 285
180 11
473 7
237 38
365 241
792 397
42 20
243 685
191 437
877 86
644 265
882 812
956 555
332 333
156 931
29 427
88 793
459 850
709 958
88 904
394 971
895 903
731 942
616 510
635 330
728 216
108 649
253 707
330 92
220 30
353 149
247 561
529 106
69 305
549 103
571 531
973 903
27 837
581 406
304 462
601 360
657 462
809 708
633 371
404 537
244 856
870 956
317 532
505 300
913 757
149 843
84 880
72 856
54 856
838 596
940 857
975 163
520 502
129 32
686 252
500 791
25 166
181 508
8 42
703 603
12 426
567 440
882 426
370 150
977 390
742 134
530 782
550 843
845 135
522 585
417 56
860 452
474 59
385 538
849 299
998 638
103 862
766 826
76 170
850 577
800 726
468 588
927 711
659 157
164 837
631 297
680 705
285 771
415 852
570 947
184 940
96 822
995 162
208 784
882 848
96 933
812 939
842 669
222 384
424 471
761 466
248 763
88 100
195 840
786 413
827 715
536 652
136 314
246 181
657 136
911 567
936 449
130 264
724 416
62 523
47 445
949 785
474 871
135 288
164 255
383 501
277 440
45 812
482 902
110 946
148 587
94 888
358 683
405 356
384 983
124 858
378 582
822 543
76 981
240 555
829 81
101 614
706 776
447 590
159 90
966 350
589 657
71 894
129 403
334 468
45 95
284 825
174 381
974 699
135 346
576 339
775 909
210 177
785 697
453 603
2 677
543 6
357 63
418 149
771 651
423 388
63 877
36 923
233 882
824 555
662 691
333 407
911 304
307 516
843 598
402 784
864 939
350 618
649 273
812 331
84 98
759 751
275 83
337 766
229 952
468 608
565 62
872 401
511 514
459 175
227 219
320 599
326 227
727 13
569 963
790 780
350 791
332 262
117 552
712 314
728 451
673 326
637 820
98 199
117 729
298 261
136 504
32 185
680 757
109 837
971 54
645 313
2 134
597 80
728 225
946 360
40 227
938 708
967 339
914 349
610 396
653 777
141 310
839 789
533 666
24 902
558 839
619 183
326 891
588 609
899 465
909 824
129 334
790 5
546 868
525 488
547 304
859 610
892 88
842 380
201 332
177 805
600 390
374 817
732 927
456 158
310 41
607 717
920 269
243 118
6 822
870 49
780 777
280 651
430 630
902 794
475 27
16 302
449 612
600 676
420 293
785 822
272 655
380 321
152 85
963 143
157 220
159 626
256 179
591 415
483 274
926 144
712 284
696 641
414 836
769 331
972 854
366 61
276 813
757 423
163 118
265 52
643 811
401 436
256 465
689 902
171 206
209 407
651 760
358 816
240 491
366 287
62 52
246 305
808 700
856 741
998 864
692 395
450 778
714 719
824 3
732 658
645 123
403 640
624 586
926 657
522 601
669 790
528 918
672 976
412 353
704 279
852 557
231 282
144 798
397 68
98 461
406 498
64 197
726 715
23 532
900 764
95 392
443 891
170 977
390 934
887 636
919 721
766 631
624 156
37 271
844 913
793 673
222 773
602 879
932 60
537 676
884 789
162 675
880 307
82 138
948 949
328 22
182 209
662 239
646 544
258 737
477 491
172 415
615 133
546 396
182 64
609 468
957 786
851 275
138 490
761 594
493 486
618 413
637 431
432 786
879 470
827 379
798 40
157 160
851 794
587 823
915 780
765 612
845 115
738 901
150 895
730 285
381 435
515 683
190 139
393 107
165 503
657 784
973 352
646 142
830 507
189 465
227 130
740 460
998 701
159 773
368 348
481 531
483 125
497 265
613 683
407 380
86 463
52 893
91 657
991 98
539 357
62 306
230 912
800 119
529 335
70 873
135 801
148 995
972 397
60 311
444 80
705 14
725 195
448 17
691 463
909 444
917 191
253 706
913 57
990 57
60 166
758 53
634 15
748 123
382 777
117 491
597 42
352 364
369 642
481 72
13 425
841 312
126 306
880 786
831 989
478 399
634 481
11 712
141 325
330 398
371 342
429 74
875 934
141 470
953 688
306 614
419 349
741 642
7 893
729 798
695 113
139 563
764 596
357 26
68 67
668 746
823 813
510 504
591 305
639 284
635 737
690 546
986 381
381 373
272 727
113 767
591 422
774 130
328 718
185 75
994 819
439 714
632 412
190 212
941 516
267 605
659 303
401 483
811 24
360 206
802 317
911 205
768 373
648 907
639 198
389 211
318 203
235 603
17 684
532 261
476 839
627 641
618 964
753 107
644 238
763 62
51 234
911 784
633 542
248 764
853 33
679 421
151 12
640 891
573 19
900 293
27 947
782 769
608 586
629 492
169 326
712 402
45 854
448 795
54 539
143 894
442 380
170 824
818 252
710 950
770 123
629 14
866 720
796 651
510 871
87 273
846 257
945 355
104 550
908 348
145 904
132 870
137 520
659 655
327 773
835 364
685 927
504 82
676 678
200 247
402 623
228 813
564 647
134 418
786 649
966 795
751 211
453 892
402 766
630 896
367 218
918 734
850 768
636 273
690 857
57 44
47 585
546 120
323 273
593 435
96 757
461 387
545 432
485 525
379 6
531 901
494 309
613 769
526 904
798 685
602 50
895 747
172 683
351 101
386 285
692 39
865 701
701 407
330 947
312 666
190 671
910 180
17 59
368 209
957 103
409 433
818 815
606 150
187 740
670 484
600 75
66 699
608 598
178 926
718 671
993 428
795 402
984 345
487 446
110 847
291 147
149 42
477 228
871 20
710 914
935 827
37 588
97 433
23 937
896 489
107 637
419 132
538 82
222 731
206 252
473 205
428 937
716 825
348 149
129 115
851 374
923 645
768 834
792 564
755 978
8 983
854 538
176 157
18 941
2 569
613 353
834 590
618 457
746 258
96 435
155 934
742 990
673 805
251 785
181 70
219 319
683 396
336 197
575 138
371 616
636 420
657 889
865 910
80 246
501 586
397 703
975 718
82 668
186 910
117 922
318 131
947 721
846 661
248 854
320 291
563 481
123 406
622 956
645 139
994 319
170 301
709 984
691 325
451 1000
643 486
960 354
833 20
585 603
291 553
886 223
22 848
353 143
406 499
709 762
446 912
75 966
353 248
724 473
853 315
832 333
783 672
280 186
978 668
460 907
926 900
857 553
966 389
366 721
239 589
520 951
595 477
814 57
31 177
311 65
614 282
64 642
270 906
129 474
519 301
704 338
564 938
999 293
858 651
909 573
716 861
736 99
441 329
561 72
746 68
582 486
984 881
204 297
641 464
521 682
632 163
462 352
11 248
78 374
37 932
320 980
119 476
877 528
792 122
125 782
203 545
225 829
104 58
251 829
911 379
825 827
459 264
544 594
872 63
623 178
229 789
625 395
35 982
877 963
859 344
164 690
260 109
801 753
502 904
602 490
211 507
696 107
665 816
54 554
914 547
285 607
550 213
388 344
373 774
505 246
969 519
142 363
644 41
232 807
795 143
744 565
415 694
255 439
609 447
744 580
322 742
487 224
357 986
701 938
80 828
335 412
781 82
250 388
912 143
787 705
866 858
150 3
256 449
912 40
157 829
249 836
250 503
608 653
512 963
148 407
477 349
883 559
926 642
429 474
488 938
953 544
789 138
976 21
564 351
372 331
488 362
263 228
357 25
130 198
896 255
780 540
101 4
928 704
401 704
510 584
848 375
850 797
784 671
301 595
103 715
739 751
920 915
774 18
523 286
356 37
525 836
360 160
750 493
219 359
403 108
685 638
428 745
474 386
822 579
508 597
881 467
495 802
4 808
742 704
302 717
928 140
342 210
218 292
832 878
354 292
887 114
355 69
946 608
394 651
911 994
735 174
705 975
762 776
85 37
804 533
644 126
978 800
886 185
762 891
167 935
655 286
696 99
402 400
743 625
653 841
356 863
306 116
433 690
99 1
240 367
169 308
278 246
348 192
605 828
895 155
953 896
590 733
19 726
694 535
188 231
390 623
508 644
992 857
442 374
685 474
297 553
705 420
468 454
309 966
903 308
837 48
345 914
680 373
20 766
519 373
758 589
816 196
950 147
96 330
43 469
957 857
281 343
694 148
238 272
299 252
360 510
493 318
669 347
839 469
142 709
846 471
823 726
973 197
389 20
122 523
673 137
964 408
983 428
930 280
308 100
328 634
242 160
43 913
261 106
83 575
200 692
369 35
857 374
855 967
768 449
857 946
825 272
312 957
645 5
81 975
43 703
961 464
374 143
730 159
990 837
517 91
847 964
494 532
423 552
389 1000
670 635
929 675
126 655
1 812
259 500
9 733
462 362
30 869
70 950
681 211
795 119
362 496
930 958
680 789
74 12
476 360
156 570
123 969
966 15
774 850
277 474
889 114
672 728
178 433
343 617
453 249
92 303
457 254
135 797
657 293
513 75
741 999
301 526
175 733
590 756
119 804
713 239
586 745
920 271
78 59
116 234
281 347
621 883
729 853
440 756
383 956
224 795
479 573
280 29
644 890
546 328
771 745
132 633
355 624
708 180
233 876
20 214
332 864
252 22
547 735
952 365
290 364
272 943
882 210
901 348
200 577
807 102
275 113
583 767
809 582
699 726
646 307
134 615
674 936
38 3
351 88
249 386
85 108
450 699
643 600
57 523
564 465
868 834
110 122
537 878
95 212
577 125
173 522
377 407
550 392
936 188
840 872
108 240
951 684
361 695
576 162
266 670
799 520
446 864
92 668
365 880
666 351
278 41
136 978
804 481
625 516
934 612
405 727
297 609
123 855
482 575
250 579
876 403
953 666
920 238
644 537
595 77
903 380
154 781
304 380
597 778
699 507
757 289
171 578
499 81
923 755
107 266
585 496
662 348
504 73
195 217
436 725
312 475
972 29
962 621
105 228
587 856
180 722
517 573
310 853
404 410
228 230
245 768
428 658
755 207
683 346
367 797
742 357
116 531
707 80
750 847
122 885
211 769
267 563
824 340
381 433
720 229
901 432
423 172
292 851
323 488
199 325
471 672
294 219
117 972
423 829
815 527
530 493
35 985
108 641
414 576
152 664
441 742
958 29
873 555
631 100
731 677
749 830
578 131
796 78
84 328
359 758
844 322
222 58
792 733
154 314
643 338
645 384
773 731
740 514
528 658
247 562
801 642
966 196
81 169
486 985
287 280
469 741
914 562
292 98
19 810
406 254
889 42
139 273
272 254
828 387
443 103
905 926
799 258
879 560
491 915
828 370
611 610
650 638
637 766
196 484
414 439
434 561
733 139
367 381
849 406
963 410
573 659
243 48
372 340
717 360
663 902
712 120
208 215
579 488
746 87
765 493
731 37
380 77
642 526
378 77
579 121
422 698
690 770
640 19
386 877
413 168
362 860
157 361
835 144
158 391
471 580
368 747
20 492
60 657
846 560
872 171
415 849
623 326
294 86
540 794
762 678
278 344
838 531
126 769
752 464
659 124
329 609
429 710
322 438
86 327
571 997
420 799
593 529
939 557
706 464
563 329
340 214
17 93
827 716
847 513
776 158
120 568
887 256
193 316
819 96
304 542
767 463
491 192
218 776
356 958
395 774
32 604
71 597
679 794
943 993
857 608
953 865
974 969
280 757
172 323
463 332
269 515
533 982
681 707
7 403
157 546
451 285
289 746
162 344
970 739
111 815
228 902
561 6
357 171
324 868
591 358
570 59
327 916
609 643
335 725
67 107
379 333
141 956
497 826
728 52
71 479
