1000 5044
504 878
775 78
238 309
367 853
975 351
706 394
829 423
11 90
196 665
593 152
15 489
754 827
436 399
439 774
100 326
723 287
135 501
963 268
333 761
650 707
823 349
571 300
862 883
902 409
305 259
796 353
881 932
607 577
508 972
659 43
626 961
469 709
60 548
646 487
753 182
101 228
28 10
182 518
737 472
849 883
147 185
560 793
480 958
834 206
502 703
674 186
270 305
974 610
435 540
454 328
936 556
630 699
774 316
704 83
446 657
410 290
608 321
69 47
750 719
595 361
409 549
862 740
77 95
408 842
512 10
10 104
11 305
965 682
896 89
12 185
310 442
609 526
735 262
350 342
832 241
372 231
34 688
247 762
50 18
965 374
663 842
881 553
970 540
898 337
115 584
539 439
449 715
297 846
38 683
897 837
637 286
982 140
428 774
584 992
363 291
346 361
24 554
934 633
924 506
193 683
88 546
469 782
219 599
916 212
497 860
465 254
85 232
51 837
14 387
410 80
687 269
474 523
116 654
816 880
789 378
244 964
56 523
635 182
980 48
690 311
14 123
766 577
158 314
841 366
252 766
418 553
92 688
615 392
682 707
992 51
41 387
902 766
745 714
393 688
871 837
527 296
585 785
342 38
767 948
2 494
845 874
679 823
848 103
220 462
65 835
28 747
913 804
656 649
182 335
398 103
716 422
984 91
612 730
872 220
890 996
19 800
225 305
838 977
637 139
288 93
966 773
91 93
533 430
737 152
921 81
850 153
395 498
102 481
856 656
521 324
557 220
417 783
969 298
933 761
716 767
898 291
252 130
505 677
971 916
687 773
959 992
157 837
606 413
170 948
965 958
636 741
227 900
768 128
219 564
717 344
476 592
32 452
14 871
4 175
94 670
722 900
293 485
338 893
391 883
286 817
896 586
10 982
680 177
129 399
424 741
519 119
942 335
514 458
474 321
877 547
119 362
65 46
608 376
709 139
419 715
253 357
176 969
814 346
265 356
286 164
397 980
745 231
733 688
419 261
918 825
153 715
643 806
437 463
230 937
265 34
585 771
324 398
397 496
92 968
329 394
184 824
847 391
794 49
354 386
390 891
783 445
528 536
963 804
158 696
964 523
837 771
192 273
352 616
717 877
313 415
350 624
777 40
906 550
373 445
283 915
146 700
474 81
419 189
646 556
77 543
758 95
137 972
583 352
622 272
640 623
550 964
588 109
146 152
578 2
884 94
795 710
667 141
8 201
155 106
601 539
925 642
838 792
579 999
514 687
965 522
478 734
813 816
510 472
148 187
834 464
984 113
49 174
363 613
859 332
643 683
24 643
261 698
385 820
942 885
834 2
963 653
780 535
711 765
942 441
470 149
141 971
922 175
386 425
123 899
947 353
339 529
980 958
858 649
984 964
658 487
597 623
936 18
648 540
828 589
44 970
460 503
78 898
230 997
543 641
892 466
658 963
733 413
625 572
863 740
421 492
350 2
598 285
544 716
513 425
144 783
162 98
94 889
662 378
859 434
386 305
832 188
481 450
192 976
407 613
193 860
910 613
485 683
159 4
217 5
787 580
723 18
475 774
126 900
53 560
529 256
769 699
596 978
376 705
729 341
507 425
452 63
787 254
186 282
935 564
97 600
756 556
703 552
464 420
780 807
984 208
964 465
892 929
841 727
845 764
370 732
331 686
904 380
10 86
709 578
528 466
488 559
433 463
142 619
40 183
994 767
205 57
243 378
171 489
927 710
744 607
733 181
359 531
59 98
76 969
971 149
256 361
5 938
41 787
21 850
635 123
407 804
836 746
928 64
910 80
342 493
109 302
704 637
143 798
898 843
828 22
98 138
986 663
921 849
855 378
583 742
931 988
201 38
160 938
455 873
648 46
188 804
796 305
290 377
389 688
229 43
773 51
910 313
289 305
491 86
735 300
863 379
39 222
276 553
302 366
171 494
241 461
822 734
674 755
727 614
29 271
857 873
986 281
795 402
751 27
237 428
477 605
167 122
868 274
483 874
173 675
29 117
428 947
910 742
27 824
567 14
259 905
571 388
760 298
769 415
827 527
748 209
189 399
261 2
597 790
729 464
415 103
143 98
744 526
455 204
799 49
790 81
921 691
335 321
961 94
396 203
378 347
772 980
310 831
477 549
650 392
173 812
465 371
504 818
651 951
431 404
966 60
641 272
127 112
944 187
348 867
848 178
370 125
338 764
974 177
908 253
784 376
234 195
604 966
584 106
386 876
54 484
563 369
600 187
162 866
488 287
569 26
910 577
147 441
537 193
829 600
96 836
244 613
229 170
372 452
852 273
168 686
630 48
622 424
694 57
135 509
237 962
936 104
185 548
17 312
666 736
258 562
567 377
173 805
746 562
102 692
323 850
13 71
566 231
968 850
803 806
293 577
22 255
77 565
85 948
157 455
47 280
544 371
913 133
311 151
39 633
910 99
199 3
799 791
194 57
759 987
303 964
286 4
824 683
911 645
637 642
195 5
849 741
588 444
499 284
464 202
671 804
838 897
908 352
329 298
19 610
920 546
426 282
859 579
356 801
765 485
69 296
966 46
144 326
607 743
477 19
168 897
62 23
10 710
625 791
121 620
599 425
693 233
641 552
146 851
53 517
588 587
848 398
539 322
315 233
775 40
408 106
155 93
339 680
241 598
216 93
54 141
913 846
454 614
698 654
662 945
102 326
96 850
541 86
500 519
873 638
407 914
584 743
189 616
668 577
61 175
201 391
635 757
739 654
279 991
979 361
84 406
836 456
431 628
358 572
215 342
571 908
456 682
91 582
345 377
954 10
796 747
331 929
596 553
922 324
744 892
263 982
263 950
748 489
235 198
986 884
143 891
130 38
171 293
499 176
389 177
464 388
729 121
50 849
17 561
306 295
409 503
571 874
163 969
555 443
827 318
754 248
593 714
285 930
246 874
102 133
374 958
816 945
910 818
588 206
697 900
537 274
147 692
403 346
406 45
333 549
389 408
543 236
550 315
29 492
123 497
78 333
252 731
715 213
291 423
902 606
350 269
170 322
319 285
247 131
215 779
132 504
448 119
40 874
403 568
908 804
962 236
11 181
964 546
31 318
841 742
329 825
755 565
655 27
568 905
404 951
336 490
751 550
890 55
449 112
363 534
108 152
40 136
367 296
78 803
335 467
742 817
417 975
444 423
976 895
827 110
403 29
117 865
479 782
852 94
21 810
571 671
195 351
70 802
848 660
235 439
263 176
97 75
768 164
226 100
261 104
746 116
263 654
929 419
30 864
641 23
753 298
185 728
910 718
821 956
994 564
866 737
995 776
834 608
961 872
687 509
545 38
301 528
711 810
206 180
824 107
229 531
914 811
618 4
651 292
942 368
928 893
247 764
513 283
999 369
687 53
533 840
201 462
440 430
939 52
339 990
354 185
815 292
526 628
77 24
32 264
196 641
125 923
827 468
424 439
775 577
632 998
192 947
906 262
865 712
6 649
267 374
50 647
841 93
641 104
515 713
330 628
368 212
920 33
667 386
484 16
65 702
216 75
944 714
455 900
909 908
72 728
16 197
569 177
640 852
592 681
714 387
848 323
994 235
297 361
262 318
727 380
249 32
502 434
772 300
144 527
35 445
36 565
346 621
147 193
592 141
381 990
99 773
632 457
761 189
463 13
143 274
795 861
37 819
114 391
701 647
816 122
196 287
181 771
382 621
552 580
244 169
718 113
339 453
209 103
513 372
299 895
626 834
69 786
182 644
517 623
475 804
884 979
357 90
87 719
834 741
308 496
645 312
563 574
286 742
752 806
880 197
614 333
775 200
169 213
308 803
6 810
797 597
7 978
821 317
690 647
106 696
12 804
841 254
678 653
533 203
311 539
107 383
921 707
169 481
463 844
959 587
393 768
504 72
32 373
718 574
159 489
531 189
440 357
754 964
59 771
796 335
818 6
138 212
525 936
959 819
569 853
622 969
180 164
851 564
292 459
221 443
6 304
344 713
80 272
6 487
542 53
265 175
356 421
529 619
70 767
824 442
286 840
199 612
826 264
827 394
637 903
991 728
78 501
856 971
676 496
910 887
124 710
819 990
506 820
769 760
612 691
331 645
906 998
796 175
604 207
959 557
200 285
901 552
185 756
934 822
59 706
347 958
751 198
851 43
944 207
780 610
984 267
379 353
33 796
17 188
808 193
94 983
845 68
748 176
168 841
459 611
595 46
117 67
501 361
673 819
601 270
585 945
695 480
568 577
551 822
935 520
380 295
663 628
246 610
282 91
998 232
30 174
525 719
68 562
911 158
677 295
402 561
755 280
811 136
704 176
903 496
778 212
796 155
483 253
109 178
177 731
260 239
92 238
769 610
403 488
55 670
795 441
330 801
939 318
730 376
962 392
146 161
690 334
799 176
32 498
655 10
309 413
913 565
78 682
934 503
274 540
424 380
282 582
295 738
975 238
49 175
69 233
733 648
973 465
934 523
758 607
141 377
736 738
229 889
655 474
910 239
17 569
995 4
200 464
954 13
5 546
60 761
78 189
219 715
172 194
688 811
736 479
162 703
391 520
129 785
354 208
168 468
681 306
725 831
743 561
320 172
839 680
255 949
292 480
421 137
421 708
956 388
888 376
229 390
190 846
563 496
694 447
502 401
343 919
16 951
278 960
18 71
53 905
876 899
205 104
898 971
975 836
100 607
619 569
926 327
855 146
766 134
635 480
607 598
664 701
55 810
828 573
135 529
872 757
796 598
612 534
307 793
879 466
239 452
758 63
888 458
542 134
228 317
924 696
858 544
275 466
694 141
343 145
112 680
370 388
639 319
887 3
923 714
673 659
543 81
116 398
527 347
124 32
110 119
165 189
186 18
495 12
618 294
165 39
9 641
66 489
395 895
640 356
754 622
589 432
584 458
58 200
568 848
244 521
618 285
45 713
742 731
193 349
659 837
586 284
892 158
110 284
613 139
121 734
228 594
541 927
375 840
47 415
359 473
16 321
460 653
916 627
611 381
956 410
759 742
320 861
754 560
600 937
902 321
345 318
716 283
805 747
37 294
719 318
684 492
812 262
758 645
75 867
11 154
451 540
926 221
58 470
146 131
755 500
495 975
595 501
560 177
512 49
228 916
124 859
265 609
985 900
802 210
160 686
289 304
606 791
126 337
629 222
574 946
336 603
745 907
9 612
966 252
488 934
982 577
839 501
273 996
413 806
648 675
313 555
10 810
998 60
263 550
588 824
424 423
880 731
661 786
168 743
336 820
593 369
16 763
176 653
446 600
12 99
431 689
488 281
508 722
324 935
346 923
681 129
934 253
865 23
21 470
575 46
903 461
210 932
363 147
84 893
604 372
144 266
277 583
791 214
834 449
9 621
543 326
649 387
729 125
622 563
770 437
607 376
257 110
131 459
408 569
821 172
320 272
263 80
926 272
66 761
486 283
87 742
551 200
474 172
667 656
885 52
370 158
311 355
925 638
613 493
964 900
270 248
787 462
94 540
258 438
41 574
691 577
651 527
780 23
309 293
673 368
590 198
604 184
200 302
272 715
862 687
132 998
956 907
75 103
297 208
829 42
390 630
158 790
838 483
219 104
841 912
821 735
698 875
201 305
851 25
295 860
223 387
576 323
558 802
297 870
926 281
587 843
376 734
216 627
507 436
237 664
698 218
41 166
928 747
838 112
234 201
291 55
126 179
570 400
75 172
234 688
258 620
8 302
62 442
409 638
159 83
469 427
805 18
182 374
536 399
221 331
258 877
830 106
372 134
854 310
343 316
763 831
762 399
604 806
344 671
825 951
75 708
883 767
863 486
591 237
22 312
406 22
317 969
474 776
454 153
679 654
4 643
276 573
667 264
672 707
601 10
1000 559
28 846
360 654
733 957
165 400
841 813
555 860
227 235
61 977
427 982
635 365
411 359
358 149
199 177
165 353
884 516
41 230
558 118
651 304
123 880
891 474
634 294
302 255
989 936
786 546
73 213
219 146
898 331
593 52
367 833
848 641
116 583
834 822
157 877
46 693
29 387
123 360
910 52
306 670
788 817
455 98
550 837
898 506
97 162
629 980
189 999
595 659
906 977
247 971
529 288
475 517
15 607
277 490
626 634
36 141
239 971
539 203
278 285
745 517
246 785
428 873
33 897
271 151
199 174
54 354
793 580
828 272
739 256
667 47
957 628
853 104
11 982
391 569
40 26
661 982
35 882
342 850
308 294
278 679
276 783
709 547
373 90
888 106
924 947
335 945
600 915
723 759
161 473
855 499
515 471
89 511
61 357
635 839
779 90
374 82
563 780
748 734
658 191
988 263
913 959
904 292
402 385
663 932
405 473
794 783
688 421
626 985
543 402
249 735
566 539
549 935
71 295
770 481
972 728
240 993
684 850
974 314
704 357
541 216
601 642
141 82
122 164
359 605
729 726
513 257
568 671
354 460
237 822
382 492
40 963
60 540
648 589
96 538
722 121
193 251
781 474
27 5
984 335
966 384
186 462
401 22
885 269
717 520
459 213
135 155
776 38
830 889
83 997
410 685
61 408
871 937
378 920
124 223
568 328
289 374
650 369
629 599
668 310
783 756
619 385
711 368
397 861
90 785
313 837
916 580
792 458
477 432
922 45
796 402
634 757
697 320
799 552
138 708
359 602
931 736
843 905
36 401
590 205
421 654
816 473
80 443
370 714
959 56
410 177
309 657
982 316
196 95
911 880
914 180
273 399
935 756
94 172
84 304
920 872
153 670
267 818
852 792
797 62
994 825
821 411
639 496
270 621
956 710
641 346
607 86
517 175
862 831
313 820
704 196
668 269
941 895
410 780
576 627
802 26
514 935
269 556
395 859
311 298
151 467
21 801
77 755
123 732
687 63
672 167
156 565
286 177
507 497
144 213
199 479
56 332
251 564
62 193
869 419
192 193
302 465
359 111
641 524
824 284
435 916
350 878
920 186
319 255
813 262
797 716
851 793
908 977
29 173
32 383
506 298
435 660
311 967
662 85
865 809
973 470
243 146
573 967
483 387
389 752
514 976
658 65
565 188
512 868
395 473
61 170
845 518
828 143
115 332
190 615
647 938
716 388
247 134
266 374
732 967
345 471
733 241
588 527
644 188
302 837
763 236
926 360
604 911
551 581
271 474
39 523
668 807
924 774
891 221
430 380
710 905
342 151
962 153
255 594
950 598
845 686
592 94
402 722
786 700
962 788
411 843
414 442
31 536
69 341
4 546
755 641
37 706
775 852
575 907
724 471
505 771
601 670
981 949
339 486
505 415
785 189
839 774
509 511
53 450
418 404
976 730
226 451
762 241
391 273
693 620
979 610
17 590
839 919
76 917
662 313
810 683
667 507
744 1
834 328
156 183
879 713
357 133
69 461
949 771
950 553
954 446
440 365
421 133
854 572
775 828
832 798
581 712
345 881
30 539
604 306
638 306
110 240
75 965
370 975
777 995
429 763
301 198
687 948
323 361
406 757
18 82
241 653
900 52
24 341
765 357
137 493
196 809
543 917
839 65
452 197
239 917
24 527
904 329
244 234
10 981
82 326
281 782
260 347
491 879
656 846
289 992
659 225
92 633
816 531
75 294
565 479
276 218
227 889
960 405
707 214
119 49
339 976
411 303
223 89
658 804
497 561
311 835
590 129
926 906
22 264
63 531
389 929
28 556
301 650
857 201
974 640
401 965
53 468
695 901
862 992
370 482
959 528
933 739
910 838
729 506
782 620
839 62
697 737
748 750
750 436
717 734
313 309
403 618
591 673
776 517
339 872
395 209
563 897
786 104
650 376
864 462
835 443
962 384
320 75
619 865
708 633
543 906
821 331
125 665
418 334
292 958
757 696
24 308
613 233
544 992
942 415
618 689
35 847
178 943
33 109
968 459
592 385
753 628
382 666
833 518
753 533
169 357
754 954
363 691
751 759
626 247
790 980
159 150
313 318
773 837
939 158
857 685
724 172
744 118
852 511
754 706
730 764
692 811
507 333
749 326
571 352
271 774
222 467
661 138
748 375
178 404
359 347
558 916
634 6
609 18
634 876
873 236
545 543
618 895
251 210
397 194
643 547
258 9
55 540
848 286
22 209
873 63
740 337
33 120
898 683
395 993
909 562
886 167
401 951
751 900
894 527
566 990
21 748
278 611
669 177
319 349
209 572
787 990
566 315
162 8
570 509
218 534
76 953
167 164
545 759
688 64
417 5
391 849
512 969
307 682
363 569
514 155
956 663
418 209
112 140
628 218
166 882
265 384
725 960
482 882
812 340
301 612
444 850
397 869
179 782
742 699
898 726
433 342
538 900
920 631
740 917
115 412
715 749
895 572
551 165
465 826
574 850
878 895
129 89
2 713
168 172
42 487
372 842
725 546
344 266
675 872
675 242
141 327
966 951
94 990
802 867
218 136
867 164
813 341
313 929
651 528
1000 398
691 466
838 914
178 131
70 552
289 837
988 722
753 829
478 505
918 335
364 426
630 197
98 535
96 717
852 380
545 553
160 927
31 57
180 997
393 160
952 224
679 738
773 451
973 630
60 18
171 682
890 891
169 372
448 335
271 907
375 316
123 335
260 8
152 572
400 951
838 624
481 49
238 90
795 676
425 945
176 654
29 228
289 788
270 246
290 71
667 768
755 508
519 623
758 406
544 814
172 167
245 887
265 470
177 52
433 511
516 164
748 979
147 982
131 445
866 696
359 57
906 28
9 620
665 889
11 368
144 560
604 849
514 28
162 111
370 450
976 285
117 765
618 685
632 555
541 726
449 328
373 497
379 580
854 213
824 823
931 253
862 623
182 508
418 453
937 134
25 536
188 280
975 748
431 12
84 659
529 714
911 195
324 943
96 132
644 462
807 633
994 535
41 573
426 398
984 72
672 452
65 174
784 654
675 314
750 663
567 838
924 879
54 158
827 544
24 819
166 466
276 569
832 154
488 478
779 328
284 810
836 783
550 912
251 696
36 375
575 589
277 773
77 563
939 879
869 412
118 874
193 577
691 254
50 535
732 530
291 204
733 765
180 927
224 313
645 657
538 565
1000 8
393 759
855 259
657 248
565 415
931 828
291 518
391 121
918 607
845 729
524 450
84 215
46 232
676 698
452 531
752 580
456 598
247 369
830 696
135 419
581 38
727 960
62 461
622 340
988 492
589 181
419 334
440 404
773 318
294 617
795 833
456 967
524 155
835 719
799 19
857 56
695 965
107 508
254 381
272 540
515 488
790 580
41 795
723 269
778 992
16 351
984 746
605 134
236 559
483 231
859 366
403 925
206 804
887 214
652 800
651 572
446 392
821 265
107 865
199 176
420 547
477 526
115 362
650 534
760 885
597 365
320 503
703 535
265 346
770 660
697 132
988 80
991 37
77 549
668 200
10 719
100 922
835 585
484 569
890 326
342 971
606 388
143 837
224 311
994 316
501 623
687 376
529 701
824 699
226 914
551 568
239 236
663 2
602 332
390 203
761 82
388 556
777 30
870 664
550 415
651 565
122 999
789 682
431 910
910 482
159 394
695 377
805 606
711 800
356 362
77 589
667 46
11 514
525 335
727 72
50 945
980 104
861 876
515 473
417 960
358 277
976 623
809 405
992 853
635 471
113 791
925 720
545 537
460 293
622 209
515 273
36 38
525 337
110 285
661 854
40 122
514 927
982 233
622 757
271 713
54 203
310 316
536 811
185 323
721 273
336 492
720 616
941 321
9 544
505 580
967 705
750 691
894 820
715 969
844 89
537 281
367 225
331 960
575 475
10 878
501 394
680 882
794 402
632 298
127 936
287 917
469 121
986 506
550 236
190 466
922 923
893 385
709 998
247 811
963 522
674 619
904 175
832 656
186 459
55 434
351 322
745 613
227 986
322 561
329 369
126 539
21 14
729 456
331 616
437 864
132 648
991 900
170 621
989 547
965 388
34 310
877 572
911 93
293 923
632 314
994 677
418 408
637 657
674 70
688 764
834 233
587 318
973 241
272 958
972 236
226 281
910 274
722 113
261 627
597 233
357 369
141 713
988 359
237 331
40 858
554 553
921 759
996 938
558 177
647 103
135 800
956 228
781 129
549 850
923 945
325 434
539 826
934 771
661 969
116 940
723 556
770 641
816 399
723 764
873 600
251 681
712 133
896 930
586 233
89 791
589 694
255 140
75 394
476 356
41 270
940 48
902 38
903 172
320 878
652 423
619 713
284 713
639 209
469 254
417 421
770 717
255 653
532 969
165 149
921 847
79 627
614 90
9 166
347 594
265 900
196 829
965 969
132 985
640 448
606 352
584 486
618 897
476 605
918 81
445 811
814 731
750 725
417 135
36 789
953 309
916 175
37 631
755 436
21 952
995 357
478 731
444 18
619 89
411 788
28 798
506 993
513 941
184 99
76 275
477 37
59 112
574 508
880 993
463 103
869 305
450 677
270 802
236 150
382 262
567 388
655 82
206 549
209 263
247 459
336 980
819 356
416 167
228 312
219 560
238 321
75 564
496 442
539 318
759 300
339 956
228 436
247 935
70 361
110 714
471 624
312 999
864 660
626 599
818 875
979 420
890 412
192 487
58 428
391 644
250 232
136 616
126 415
127 162
922 160
246 882
165 346
721 111
24 149
959 302
278 725
851 149
393 992
92 668
675 524
342 461
750 318
881 701
228 250
538 284
410 380
668 34
942 506
267 213
144 83
1 510
58 761
865 255
719 204
665 573
775 117
815 162
416 422
393 194
765 73
884 880
526 286
966 287
566 816
76 434
147 610
956 980
684 49
135 156
376 139
391 765
857 342
430 936
72 719
514 506
938 394
970 677
569 467
348 241
422 840
808 885
157 533
339 494
233 151
916 432
313 34
101 120
112 788
918 828
962 740
373 152
599 761
359 771
430 209
68 572
804 553
676 870
383 964
46 94
918 943
387 43
559 111
687 299
249 224
946 262
13 360
179 576
866 86
182 289
926 806
117 133
567 245
742 882
219 830
449 44
586 368
550 522
219 485
739 930
566 880
809 818
501 156
10 321
84 456
307 43
626 673
271 977
676 649
721 755
328 556
299 190
333 312
411 903
615 844
67 970
502 90
378 419
712 970
108 632
190 675
400 987
973 263
519 522
186 554
795 584
797 868
635 777
411 835
1000 623
582 174
395 208
308 505
589 269
865 780
416 241
521 565
649 977
499 420
562 804
692 566
424 582
891 80
602 485
321 547
470 743
736 580
717 425
430 738
459 441
956 89
95 511
996 683
373 654
83 600
871 334
708 649
892 811
604 432
515 970
219 281
257 552
294 798
885 964
393 43
871 479
123 296
910 244
625 238
914 596
789 408
593 281
862 891
574 876
370 365
587 151
408 509
407 415
501 155
157 265
430 409
765 671
14 231
252 310
566 773
648 522
237 38
692 916
884 905
538 708
27 415
814 259
852 178
836 788
730 628
514 500
61 70
974 869
8 374
685 57
336 67
991 969
545 273
746 57
247 681
858 671
650 387
324 87
143 232
471 719
881 236
457 63
239 164
59 351
919 262
1 816
9 204
323 520
216 520
395 260
966 488
770 594
570 823
455 877
567 191
185 886
409 506
190 28
245 367
31 599
414 318
35 167
41 23
201 86
403 1000
153 48
501 879
27 980
202 561
543 937
712 214
752 995
417 46
398 248
230 880
954 895
294 500
478 816
438 382
748 393
252 102
618 221
515 613
471 708
143 795
892 664
866 860
459 807
228 946
559 990
302 334
378 444
12 435
894 459
622 675
309 351
199 161
439 466
831 42
36 521
661 515
821 244
446 493
303 923
658 301
622 10
933 997
733 968
292 837
926 526
425 150
9 983
373 414
69 314
574 756
736 617
165 220
556 982
21 856
752 961
102 520
345 850
435 122
201 67
395 778
989 768
313 231
186 607
448 73
206 929
219 322
745 732
340 197
639 547
359 182
235 793
396 969
418 708
146 321
153 81
76 629
2 624
919 133
975 88
614 424
580 915
545 13
252 150
813 109
125 715
551 51
737 83
77 466
351 682
998 314
24 676
862 284
45 116
249 681
116 6
568 73
234 520
656 72
257 108
918 310
665 722
13 572
426 621
364 688
137 534
961 977
29 916
568 719
769 700
400 628
832 874
112 814
661 373
411 962
244 283
373 334
980 218
711 949
35 694
50 452
516 388
865 46
516 151
614 798
407 419
691 620
345 988
655 201
325 726
14 873
77 305
558 864
920 734
778 644
301 590
103 710
234 627
551 441
257 935
238 908
792 163
630 71
575 311
426 161
688 340
11 623
85 492
841 476
912 557
463 110
931 686
166 104
701 631
595 792
845 855
58 123
224 314
594 89
940 442
446 584
858 937
33 335
31 332
108 594
608 304
676 722
29 576
920 694
832 355
922 166
953 957
733 468
455 622
356 256
253 518
692 791
407 829
401 84
622 592
952 7
426 392
679 56
974 697
313 467
544 508
769 152
135 537
192 113
229 212
852 876
856 175
141 136
922 912
608 585
796 689
643 218
424 756
844 585
938 380
573 560
614 627
775 355
610 557
808 340
853 757
925 776
431 729
433 202
398 274
825 38
417 360
330 338
421 633
1 282
153 251
405 714
217 625
102 310
27 996
341 204
506 198
770 561
112 81
706 997
622 594
663 912
78 206
542 654
651 104
445 51
673 475
897 385
73 413
348 724
994 876
690 606
294 780
502 992
515 583
892 21
490 357
904 307
626 803
806 232
892 450
116 657
918 689
480 376
75 10
156 917
946 48
855 533
179 44
109 608
855 75
609 960
778 906
335 236
725 121
690 45
265 571
876 414
848 326
288 825
933 76
475 505
908 379
40 330
425 362
966 810
101 623
467 214
818 296
405 90
156 195
182 174
271 880
787 523
568 978
789 755
370 13
922 878
78 735
778 689
393 189
393 962
838 458
302 296
884 346
839 823
37 377
849 194
415 810
723 707
260 536
137 453
636 844
1000 837
476 119
803 453
270 299
314 790
20 985
470 445
850 399
957 681
112 715
565 579
696 174
454 27
98 937
216 346
680 210
883 951
384 553
702 676
665 968
762 546
79 240
563 938
515 498
389 643
563 703
69 383
786 643
363 94
469 442
754 216
679 550
650 10
593 350
593 801
957 448
173 774
54 891
799 982
552 967
378 196
527 978
435 490
695 941
184 682
918 808
667 215
979 233
924 113
142 629
446 814
702 235
896 312
697 6
733 789
591 380
22 964
974 97
775 581
834 868
650 180
63 473
695 521
239 307
51 248
744 859
622 765
515 709
717 844
183 653
991 456
775 730
740 584
160 594
488 63
187 771
512 628
533 996
444 916
510 656
8 461
387 487
320 872
10 419
818 628
363 842
805 583
704 928
273 937
125 632
700 905
27 771
417 473
995 747
137 572
435 617
126 688
110 846
127 916
420 831
849 937
452 511
593 752
666 191
499 362
395 190
116 106
417 141
92 919
914 654
368 893
437 701
168 500
663 948
675 384
515 649
168 138
450 335
768 547
622 631
879 26
227 645
408 80
794 507
942 786
818 654
267 540
783 586
143 380
770 352
571 711
275 505
115 131
775 554
80 436
762 731
924 71
224 639
692 366
454 40
50 295
642 806
772 710
366 421
974 958
207 867
795 210
58 698
10 627
207 377
433 994
180 764
658 627
91 43
841 439
510 563
664 374
60 583
350 434
282 932
818 800
750 784
472 231
162 178
226 294
455 621
365 362
171 605
759 116
27 874
928 42
378 650
604 429
61 946
364 425
112 338
169 218
206 113
78 938
409 222
63 103
176 767
265 925
857 434
238 895
913 99
895 997
513 846
589 837
544 872
444 465
148 170
830 479
98 825
563 999
779 120
102 746
981 140
858 870
985 201
824 148
609 248
736 103
774 616
79 212
870 266
998 479
11 436
343 788
363 503
931 402
18 198
953 174
863 983
293 448
426 214
427 748
444 710
636 248
173 775
118 285
879 823
291 333
455 428
386 955
24 336
650 883
995 542
778 559
529 480
378 414
319 969
25 895
936 379
754 875
424 602
904 921
870 627
192 320
907 388
243 22
639 489
15 643
659 218
861 106
754 100
609 676
469 595
260 119
319 25
984 587
622 983
173 244
255 554
662 675
846 369
673 412
481 44
652 768
746 624
575 898
567 561
968 946
881 248
148 791
171 728
935 561
430 214
548 413
271 653
594 937
437 352
649 557
764 467
574 180
317 266
287 547
962 193
725 900
102 771
512 998
802 374
87 480
859 331
143 434
382 94
147 256
661 561
699 738
688 44
158 459
178 547
507 302
752 388
72 321
36 385
219 402
77 163
521 969
168 639
59 589
797 908
525 669
546 57
566 140
752 846
952 256
418 420
989 827
205 128
846 860
636 42
356 232
637 318
124 810
267 194
303 597
569 505
619 352
113 917
884 796
545 36
478 549
69 161
320 617
570 123
620 707
320 346
591 188
987 361
662 119
239 119
271 304
96 788
977 42
845 131
345 992
91 517
595 225
446 530
343 693
808 637
420 611
956 906
665 130
684 183
243 481
423 616
173 853
279 658
36 115
301 641
813 527
805 272
127 41
515 384
148 223
132 804
242 155
994 509
460 499
872 938
338 679
338 240
946 422
929 486
379 94
752 153
180 377
156 424
238 712
665 164
539 285
475 16
373 943
49 553
124 349
752 547
589 261
737 644
438 275
576 774
961 296
278 775
181 280
45 467
25 479
783 80
132 943
548 971
145 367
109 566
256 150
937 256
131 473
96 922
437 377
811 380
448 371
484 964
512 530
213 616
339 18
418 13
237 327
147 675
132 803
976 116
336 825
761 104
779 633
119 248
449 416
583 916
346 895
87 286
533 245
800 582
457 706
258 731
439 982
7 242
709 590
472 44
30 17
123 657
513 422
604 539
54 838
417 159
980 820
667 81
66 627
486 840
711 314
752 996
90 256
570 534
854 889
97 740
276 864
406 708
668 239
16 311
47 210
951 731
430 564
87 166
567 13
54 96
612 710
991 107
405 335
171 139
944 630
980 213
330 259
340 191
505 307
308 519
70 309
570 831
22 903
708 306
961 736
17 879
676 93
662 543
881 599
439 972
901 651
417 45
529 796
407 968
688 930
263 402
512 422
604 852
400 26
794 624
701 505
810 605
169 339
499 756
706 81
373 211
619 656
446 716
383 504
659 294
356 365
770 296
789 873
994 939
367 927
832 83
924 962
800 133
859 166
712 999
198 731
507 607
695 230
772 833
650 429
895 489
563 323
77 726
188 831
962 902
337 553
689 254
527 361
732 361
813 268
626 113
936 468
368 321
276 330
724 840
119 624
196 532
68 865
288 130
952 233
54 308
459 420
102 221
354 594
744 779
928 429
862 107
939 542
697 224
821 895
679 479
617 52
425 485
776 603
43 633
635 956
249 855
875 432
584 366
102 923
29 41
363 228
827 693
662 492
769 245
224 728
470 152
962 213
373 584
590 530
780 957
216 397
966 822
515 880
105 915
593 174
829 709
847 26
143 151
865 402
84 57
196 531
20 394
895 580
364 504
491 201
329 487
845 965
152 970
418 114
931 493
154 43
308 464
925 782
4 368
470 63
219 518
578 396
918 441
810 734
99 844
759 383
963 534
615 300
319 371
471 705
506 259
1 293
146 849
348 916
827 292
702 688
97 412
595 397
61 142
906 608
7 214
427 409
446 391
924 130
760 146
16 273
548 458
604 886
574 590
576 889
367 643
206 850
154 387
777 589
946 977
230 670
908 421
656 160
162 323
273 633
825 948
625 957
954 784
591 549
151 807
407 836
925 732
32 149
675 3
142 222
913 83
695 523
662 986
441 377
131 798
904 436
896 854
65 872
615 293
907 116
67 467
656 239
430 782
977 362
45 932
200 240
918 35
668 895
832 800
137 180
873 518
32 883
342 314
911 64
68 835
770 450
166 57
772 976
634 42
999 48
374 810
763 52
378 876
162 47
838 856
110 971
957 710
551 430
898 94
701 285
630 86
182 558
789 229
356 955
485 846
514 736
987 362
473 705
924 805
667 607
647 214
61 47
378 254
1 832
634 953
66 903
513 274
91 905
691 340
994 579
527 373
575 763
610 671
737 13
991 912
706 141
78 685
829 254
636 111
619 481
748 625
692 998
948 392
566 971
469 796
881 763
4 480
514 749
647 579
887 645
925 242
835 419
640 688
783 131
163 321
789 168
757 487
331 535
61 951
207 109
669 205
249 335
446 659
870 807
910 713
891 557
694 800
71 585
200 67
314 846
704 527
896 2
941 302
346 211
330 266
855 296
33 337
123 774
469 451
252 949
951 963
992 197
517 552
403 502
884 264
244 581
867 23
465 880
652 105
760 443
673 468
323 677
640 214
234 478
215 613
770 508
144 794
655 795
186 247
410 145
907 277
614 223
9 297
500 254
375 820
655 998
17 982
767 823
861 867
592 846
117 877
545 324
182 621
832 23
575 993
228 10
673 600
931 75
245 672
430 613
166 52
472 49
36 954
881 352
878 818
954 99
959 599
593 436
632 970
481 293
909 647
541 802
691 547
984 140
984 705
885 298
472 875
695 216
24 571
769 505
259 2
69 295
922 187
482 284
869 656
502 268
34 459
821 221
951 52
11 155
666 798
24 130
765 151
814 323
486 487
344 972
601 310
32 66
924 730
1 949
792 352
994 274
278 475
565 210
78 857
409 211
482 939
16 402
638 764
162 470
328 49
588 990
401 12
147 736
630 700
918 897
667 489
260 833
723 299
100 203
247 979
178 246
995 6
430 333
181 790
717 313
147 922
813 115
265 739
813 976
885 707
409 442
354 293
235 694
568 140
125 846
13 188
695 781
148 785
664 42
612 875
636 346
594 335
581 983
822 877
599 938
527 116
76 73
142 18
464 332
935 420
200 802
974 193
625 235
7 977
909 223
491 930
894 589
594 572
836 548
59 148
97 89
558 517
597 409
981 2
762 349
928 114
839 563
491 122
92 468
827 740
384 970
77 83
959 629
186 672
406 486
744 634
84 251
799 193
69 798
587 778
434 611
1 729
990 686
497 800
226 811
903 167
118 357
541 747
763 423
661 340
291 816
54 508
609 448
238 578
332 553
709 725
617 128
799 424
656 170
178 793
430 638
36 655
437 162
442 738
776 531
390 978
455 589
856 631
728 812
431 174
234 867
219 931
746 548
333 34
408 274
279 988
455 916
411 338
673 439
912 285
934 134
307 174
952 57
989 204
107 993
810 628
114 809
8 113
834 165
72 523
910 573
12 840
14 43
418 573
145 275
551 320
520 492
4 5
188 151
599 895
266 633
265 759
693 958
231 83
512 668
470 103
473 385
201 4
117 90
760 277
632 586
372 214
950 555
526 49
90 340
431 376
638 608
358 84
308 501
55 945
319 457
848 882
1 897
834 576
101 436
739 361
411 996
389 232
892 672
913 410
87 603
34 581
788 708
952 629
721 50
575 486
405 559
444 145
382 901
601 274
615 503
470 602
859 172
571 947
37 820
920 355
667 139
387 806
635 901
925 644
433 590
984 874
72 943
644 487
865 579
700 49
499 304
367 816
440 444
430 763
664 757
687 379
517 560
573 404
62 39
898 688
68 330
431 502
508 996
324 681
508 341
163 621
184 742
424 811
848 872
95 496
116 523
959 497
46 204
339 66
760 788
435 471
660 623
480 556
475 700
777 679
596 26
851 274
263 708
428 193
587 830
588 300
20 907
77 53
77 817
794 5
704 624
944 853
239 362
687 963
744 540
929 349
621 930
16 594
255 64
73 519
694 739
314 283
231 842
5 624
745 911
688 958
234 186
697 752
469 40
90 194
71 654
290 256
238 837
738 577
884 51
77 531
481 650
926 751
870 561
196 240
410 115
176 82
266 361
378 242
589 327
821 948
933 671
510 373
420 392
991 563
758 273
238 164
245 4
814 314
692 764
171 351
50 174
184 406
934 657
956 780
244 526
227 133
562 663
590 405
659 902
552 555
906 725
83 377
309 949
891 806
708 611
913 397
714 189
911 581
419 741
829 870
828 722
315 948
228 550
154 897
78 44
763 600
410 992
784 264
751 897
92 213
115 880
825 713
612 908
813 893
481 764
224 654
923 264
299 404
321 875
965 578
123 291
859 288
219 535
200 611
934 306
148 86
650 304
890 598
908 51
914 548
727 929
794 57
953 686
533 497
37 539
412 930
97 480
481 555
885 690
855 550
192 476
601 778
565 820
587 804
566 600
12 178
71 812
845 985
263 94
931 521
266 283
711 202
858 960
861 761
698 262
257 990
459 262
795 672
592 977
759 222
100 585
754 832
50 175
523 903
571 844
953 170
607 940
169 432
775 80
629 656
590 180
528 633
44 487
711 854
655 197
144 685
125 133
435 277
219 64
618 175
644 248
331 81
573 434
921 145
579 139
794 634
815 387
49 683
922 844
895 236
327 734
86 818
652 690
972 222
258 153
350 222
818 150
36 704
962 283
800 610
47 218
830 496
358 339
88 350
72 611
911 781
491 702
476 656
655 897
132 786
95 174
406 240
652 691
173 155
299 376
57 683
868 84
694 136
911 690
91 485
221 793
142 294
648 474
460 163
906 453
619 945
528 453
50 492
639 434
287 489
750 659
658 834
184 229
663 130
205 38
244 906
188 943
65 627
300 177
545 329
504 492
909 62
908 273
336 716
984 18
551 887
709 683
972 213
939 875
744 183
815 377
73 337
795 517
31 432
676 366
589 955
291 200
454 372
257 808
366 586
313 238
33 83
709 480
152 771
427 274
433 977
961 285
717 643
787 466
532 716
55 351
77 718
426 816
98 693
62 968
11 285
966 153
879 509
324 825
753 153
808 263
576 702
583 233
637 617
906 2
619 752
909 962
35 835
344 807
408 768
928 459
592 87
495 362
379 782
764 161
674 153
583 305
676 802
733 324
382 327
647 598
222 987
480 150
777 128
278 514
944 549
463 471
193 140
410 698
748 749
483 913
474 272
238 262
991 542
857 82
829 620
833 806
27 478
962 578
634 807
619 498
910 930
694 448
444 782
476 863
830 578
645 42
646 936
560 996
962 776
651 962
746 550
229 210
1000 970
395 950
744 970
417 850
735 369
291 873
241 761
574 734
918 700
794 966
24 174
431 142
319 490
543 796
863 172
340 983
482 553
309 256
863 676
976 515
795 294
742 432
562 103
267 321
855 832
648 598
36 130
737 607
78 99
920 703
17 368
560 81
687 493
398 349
840 492
215 508
14 889
308 436
435 804
476 854
293 312
313 39
294 67
648 350
794 606
135 528
545 991
216 267
857 298
72 197
953 905
74 98
590 779
185 109
166 137
35 138
933 656
188 555
27 245
464 553
393 661
319 613
824 719
568 516
971 503
661 415
737 326
169 945
776 353
885 582
39 912
524 983
82 958
46 119
619 83
530 993
108 574
892 965
101 382
950 2
217 264
221 893
838 810
76 32
367 116
168 558
80 163
744 501
154 220
870 251
986 350
507 164
625 268
772 949
858 214
385 958
188 6
562 311
873 763
929 246
868 883
597 713
381 467
588 90
217 322
720 285
639 383
676 699
593 569
209 280
870 2
47 584
925 685
105 479
692 517
783 307
382 530
899 487
571 99
737 916
661 851
721 818
665 553
463 518
427 939
743 218
11 741
114 636
984 134
105 616
833 18
567 808
769 527
147 28
297 285
649 900
744 945
293 458
94 121
378 780
545 146
495 727
752 49
288 561
366 522
418 170
277 608
243 871
320 472
135 798
907 790
384 610
99 955
195 682
77 855
678 983
74 148
934 45
663 44
1000 133
405 268
125 907
135 919
709 318
763 951
752 39
964 860
352 831
521 447
902 256
630 340
814 155
231 496
21 648
856 607
92 922
309 396
148 932
302 688
596 282
210 557
744 525
933 700
746 273
107 55
676 798
300 73
252 375
587 233
737 708
224 542
495 875
282 612
390 269
156 384
543 867
169 884
342 447
570 345
36 413
765 326
310 262
703 519
942 563
778 560
786 293
449 315
724 961
909 624
767 113
87 660
1 488
575 573
827 491
260 501
794 656
578 197
409 67
50 887
486 388
354 103
9 596
954 535
739 791
888 421
814 200
29 790
343 597
548 89
273 791
575 830
77 415
974 264
614 645
206 694
7 500
856 752
874 43
858 692
488 686
822 283
618 248
62 958
292 81
459 374
83 633
375 467
47 615
765 195
768 853
299 290
309 3
342 801
858 749
382 365
931 163
185 490
849 360
242 222
830 879
45 355
85 726
677 930
857 349
342 581
292 823
33 691
421 917
481 423
427 600
689 141
796 743
429 394
968 686
436 791
382 442
287 451
221 445
518 189
477 414
888 614
984 526
815 320
907 163
907 374
430 91
858 232
431 813
1 585
312 140
541 265
701 996
63 657
431 151
122 559
836 234
783 706
550 6
735 435
112 419
865 251
700 623
5 846
53 657
301 936
16 153
776 174
6 73
708 804
477 472
727 586
339 381
947 720
412 522
568 155
26 522
137 128
989 203
920 494
521 400
812 990
834 193
924 32
157 942
29 921
178 459
953 328
570 370
454 851
890 743
592 811
985 324
243 70
667 181
741 134
778 400
687 190
1000 725
488 682
178 785
450 554
87 412
182 434
384 671
97 106
925 386
651 409
796 582
138 628
13 534
558 970
108 660
126 207
272 767
517 715
755 708
956 983
4 292
632 261
173 411
407 596
545 197
709 52
207 267
323 220
115 692
441 905
407 339
62 705
247 293
356 425
836 262
488 983
276 588
345 293
660 52
167 236
308 75
209 374
923 875
835 198
601 207
584 177
50 136
15 464
588 310
599 561
112 870
494 369
904 512
815 962
912 38
228 421
411 847
56 506
951 564
55 46
331 507
848 559
668 672
558 67
962 787
777 536
886 825
143 920
148 822
718 261
828 706
495 148
785 128
426 198
227 116
687 223
122 713
952 234
947 847
196 23
897 617
697 372
427 203
154 804
679 843
926 550
723 756
96 691
207 122
62 262
691 927
263 590
587 421
695 587
662 593
476 105
921 729
723 152
687 587
744 115
45 327
289 528
234 384
215 678
1 651
612 876
80 810
319 172
595 556
389 330
544 314
989 705
729 293
235 356
622 434
144 354
396 598
41 811
408 546
870 566
245 582
548 25
781 404
62 422
985 598
182 713
325 552
658 938
271 620
626 864
181 532
493 151
921 817
5 326
320 755
685 893
190 719
124 803
396 38
839 51
750 65
223 893
751 1000
37 117
55 801
611 999
861 715
299 172
796 230
136 943
672 444
505 93
640 922
680 172
934 860
709 657
950 970
152 442
430 578
135 569
300 197
104 915
193 742
910 623
833 756
397 307
838 983
790 714
302 825
132 491
576 380
595 200
424 139
229 871
989 483
946 25
395 997
126 884
289 208
650 346
625 606
769 785
718 717
59 83
3 232
556 882
740 151
834 844
427 302
691 467
781 286
809 366
964 479
687 366
182 853
692 118
438 820
634 366
917 999
646 189
464 86
11 233
322 139
433 449
342 261
876 214
144 449
787 47
364 223
664 696
619 940
984 287
888 230
336 430
961 480
229 189
963 686
30 422
718 135
988 113
383 617
115 656
495 163
276 936
744 330
64 519
265 247
740 117
651 785
414 479
676 822
163 262
219 165
794 236
740 299
994 383
46 81
374 546
178 812
217 895
879 963
412 496
539 683
165 589
884 288
244 202
210 605
720 295
690 553
586 256
571 415
838 942
146 523
324 719
789 280
884 557
96 502
525 648
724 835
799 580
403 961
13 900
486 138
788 222
576 720
97 361
244 819
632 844
9 146
621 38
357 183
188 423
952 286
417 363
185 516
828 43
703 580
11 37
749 999
646 988
809 402
666 624
132 255
656 967
228 766
797 688
706 826
838 905
412 708
569 798
876 494
510 180
830 140
223 624
242 356
260 912
672 139
33 617
450 889
4 610
126 467
345 85
608 296
524 42
30 377
574 557
258 730
97 267
27 852
41 677
911 350
533 738
195 498
76 536
55 916
891 280
866 886
354 451
444 211
669 152
282 394
981 678
29 249
378 563
313 56
72 399
471 25
571 256
528 817
972 436
370 140
407 444
448 557
644 647
364 895
309 479
516 534
667 95
79 142
758 158
333 846
843 193
797 419
866 430
144 192
570 244
805 560
476 317
994 968
258 725
629 663
408 517
925 668
143 95
446 764
672 784
282 630
288 266
523 895
389 268
643 103
216 356
918 447
157 756
278 405
813 299
171 240
634 504
709 927
543 616
452 643
855 842
680 238
750 563
904 957
535 840
238 273
808 41
792 324
159 277
67 254
706 323
84 648
378 327
179 692
770 932
314 462
575 615
45 664
570 727
484 453
263 507
249 696
565 791
179 443
73 362
406 475
366 993
253 613
4 387
649 191
246 572
541 676
963 369
692 251
676 810
533 175
935 719
424 908
370 303
886 716
960 307
902 682
28 137
765 705
291 70
117 465
457 850
331 306
434 365
278 287
625 48
637 285
891 151
453 977
839 335
389 15
74 16
789 316
30 951
974 888
225 335
465 917
904 276
908 708
991 880
929 807
331 281
145 315
19 734
856 578
395 48
775 341
409 817
637 371
796 873
655 510
125 906
401 897
661 414
921 736
829 439
647 208
998 134
95 419
887 940
7 64
543 606
838 858
858 499
162 625
344 596
615 798
308 634
419 2
537 222
916 611
10 556
795 120
635 655
946 699
525 901
68 816
404 23
824 558
569 160
716 580
663 161
169 293
61 271
13 650
