909 2972
66 679
161 662
701 276
81 769
902 533
272 226
448 875
874 78
820 390
677 283
308 722
436 399
655 142
723 232
541 508
684 156
819 701
837 806
237 90
475 499
609 644
685 807
486 652
838 433
470 895
162 164
483 480
873 168
139 9
195 436
14 77
894 758
328 94
212 334
319 618
105 455
198 676
879 312
365 472
649 803
261 82
796 182
748 722
729 512
177 835
343 658
293 822
476 663
465 879
104 256
895 809
515 855
109 612
276 382
447 759
218 70
474 691
239 698
661 755
115 584
301 419
176 269
602 349
677 754
491 640
422 471
525 607
33 148
198 243
272 198
58 814
517 170
615 13
318 151
399 566
263 786
857 826
103 448
677 111
309 5
392 30
203 85
796 851
380 689
309 763
54 507
903 626
904 596
229 847
32 261
672 410
103 556
566 497
350 638
296 691
777 619
872 295
621 137
802 46
152 267
52 74
511 198
403 813
811 267
425 212
564 280
831 690
64 610
489 650
471 227
238 15
185 385
519 337
613 65
850 629
272 570
15 534
698 603
627 230
596 788
813 378
707 405
84 157
397 701
273 186
572 442
240 632
646 241
62 588
340 679
415 179
327 518
366 88
810 57
722 861
893 311
49 857
194 258
638 644
667 379
73 844
900 647
462 485
502 84
446 99
195 289
585 342
883 153
22 40
152 748
559 371
321 640
801 363
773 43
44 327
216 793
565 137
70 601
2 847
403 650
679 390
321 635
69 234
489 33
567 855
255 873
516 303
845 463
790 179
743 723
384 800
801 412
784 436
803 400
827 668
505 753
317 637
193 695
681 861
846 129
78 303
104 221
727 134
287 415
877 96
629 885
273 904
394 313
676 794
897 869
456 744
844 907
822 28
771 108
530 45
325 10
272 607
477 788
79 704
466 80
587 859
120 461
183 678
506 690
883 20
520 700
578 570
705 162
10 485
246 194
284 126
295 190
877 420
422 259
332 338
830 618
375 225
431 110
785 155
550 208
199 585
789 238
140 5
884 759
669 179
101 134
727 779
85 444
712 544
750 525
845 764
557 711
828 398
246 170
830 320
396 167
415 715
254 58
789 277
347 622
55 625
778 748
110 600
323 178
643 253
333 341
262 851
384 849
252 107
470 22
254 323
402 283
230 165
5 243
118 201
797 119
468 563
249 613
505 866
412 503
69 307
480 672
154 315
872 488
602 701
622 466
89 358
180 30
453 344
681 42
77 476
246 773
83 256
157 143
566 21
895 225
139 727
336 745
651 809
714 632
141 700
127 397
256 287
665 2
773 801
569 752
374 126
377 458
143 684
286 577
803 396
254 878
516 402
864 723
645 359
151 226
684 38
392 521
271 206
536 384
441 60
63 518
402 94
318 175
469 636
472 272
4 90
279 271
552 406
546 88
604 409
532 27
629 101
898 272
536 531
168 152
351 359
188 843
816 766
84 351
160 717
362 687
277 720
59 645
868 661
318 690
287 38
882 313
95 334
64 50
66 151
736 169
97 523
496 685
319 486
430 144
303 642
785 135
804 421
110 18
366 839
771 523
773 344
405 777
43 634
673 92
802 706
329 423
837 833
326 495
899 654
754 76
132 682
724 292
778 842
466 47
584 43
414 232
848 181
544 350
466 523
90 175
140 218
567 61
292 9
19 723
258 105
205 174
704 398
614 129
410 92
191 570
357 371
38 379
641 552
533 165
628 101
830 664
374 564
413 700
430 778
17 92
121 223
573 362
520 586
354 769
832 812
264 617
157 226
815 474
196 323
88 614
516 193
665 252
701 91
574 475
408 232
131 319
578 76
320 356
447 254
364 21
833 503
439 696
642 397
720 506
554 431
79 238
256 582
658 269
610 626
130 287
481 497
134 542
817 469
507 798
119 755
176 101
654 453
623 126
587 261
630 686
133 20
776 904
762 907
372 870
514 219
868 119
724 693
799 577
657 555
452 526
731 326
878 411
625 853
479 436
619 812
249 585
305 239
805 554
210 859
815 287
104 703
731 433
18 594
790 156
613 482
571 284
853 57
391 782
765 797
129 827
662 399
487 782
477 256
284 598
499 504
599 367
274 582
763 251
761 656
501 405
504 860
836 293
552 709
397 378
795 234
237 816
458 687
175 404
756 7
235 271
634 615
178 734
802 484
397 459
128 214
682 427
792 670
557 526
433 66
576 414
188 423
45 618
340 90
124 415
127 658
753 405
526 542
798 81
229 655
361 574
530 188
142 725
83 196
457 19
494 541
426 575
250 887
179 7
345 376
883 590
900 493
775 5
516 543
216 459
473 476
590 587
871 324
441 702
9 597
56 796
530 859
380 579
587 349
829 163
417 809
711 37
192 8
368 607
698 207
759 701
890 700
467 869
32 262
627 777
380 801
628 805
900 468
600 267
568 575
744 25
820 665
298 881
712 503
396 320
456 534
85 315
681 195
525 94
190 543
449 745
784 153
13 685
608 829
256 764
654 34
743 847
502 396
379 658
140 716
246 438
880 252
834 216
568 164
503 423
105 65
863 829
900 467
907 598
323 72
469 489
414 145
170 59
308 550
511 436
846 180
538 749
206 791
62 56
707 238
356 477
12 175
395 49
380 593
862 20
59 473
300 114
122 894
432 591
234 250
735 703
295 425
244 311
670 128
692 376
382 412
51 39
511 602
720 129
828 559
388 185
248 236
823 868
130 134
811 491
26 673
704 660
482 75
836 804
196 411
464 578
847 361
236 129
80 851
245 626
16 491
880 293
365 291
384 761
481 750
373 355
528 897
748 671
875 33
578 217
509 355
882 898
316 595
596 464
686 11
755 40
192 347
874 670
390 182
24 91
723 2
542 336
424 863
513 907
717 427
341 393
340 548
850 716
228 72
598 91
634 698
582 799
242 573
18 506
537 512
379 529
204 465
42 500
575 162
354 546
155 575
907 89
283 668
729 508
804 605
677 297
509 380
57 286
699 219
316 618
133 108
796 598
398 64
808 295
11 527
353 833
428 482
885 256
417 492
804 200
256 728
96 903
704 785
228 119
229 335
443 662
213 619
876 221
602 139
878 887
59 768
685 385
651 196
692 130
778 689
58 200
376 40
260 473
460 638
82 306
65 362
431 272
325 387
459 55
240 613
540 10
703 777
341 3
288 550
384 234
422 315
813 692
601 764
5 94
180 908
625 604
257 397
884 72
105 75
268 689
782 576
859 293
735 85
854 567
29 157
415 873
624 355
774 806
41 311
350 843
424 30
870 908
767 469
324 641
434 564
21 244
573 551
334 688
389 459
283 143
564 52
620 185
589 902
644 729
183 632
481 189
192 264
378 559
75 363
572 592
387 705
390 672
670 497
466 903
639 891
445 432
733 24
588 880
82 106
83 264
895 292
809 803
702 54
850 688
101 303
191 120
184 156
250 839
716 214
665 10
25 734
265 79
509 851
381 715
57 314
846 122
331 852
391 246
123 675
751 833
827 212
280 785
780 563
783 255
198 820
161 819
606 656
701 270
668 249
318 493
484 416
89 529
373 787
742 628
213 752
732 461
548 672
166 325
149 275
26 472
616 3
742 178
410 372
269 68
94 861
150 519
204 261
758 18
82 92
245 433
543 308
605 826
508 454
58 600
607 742
28 236
829 253
463 619
671 526
874 390
283 780
518 208
731 528
59 805
188 647
872 5
284 78
181 378
207 821
887 215
664 58
303 262
656 704
512 807
238 809
573 47
519 744
61 816
136 121
139 228
433 380
544 93
882 649
54 282
775 286
224 561
906 846
601 148
139 117
219 131
505 746
757 84
832 634
463 866
702 12
691 141
292 117
510 92
40 328
242 883
858 844
831 834
208 884
770 531
338 85
637 559
854 31
540 215
300 588
835 107
748 901
693 329
589 168
883 717
438 11
540 556
248 671
763 731
670 524
472 39
306 289
310 570
481 303
251 94
216 44
606 281
823 781
57 342
632 659
337 499
45 888
820 565
549 620
514 542
426 316
874 775
370 6
685 242
895 758
135 209
25 865
681 384
679 693
320 654
265 873
107 480
416 838
491 506
382 170
218 907
38 824
131 880
423 701
247 402
393 167
713 475
678 189
354 340
118 531
84 679
655 637
303 840
189 155
544 379
321 451
177 476
268 416
163 129
733 682
384 210
757 579
21 840
653 648
63 803
360 305
828 479
84 130
586 594
844 644
369 620
524 87
634 790
272 805
365 760
4 584
428 704
450 642
562 292
428 408
287 333
116 603
652 476
359 111
343 618
785 679
695 619
683 165
239 224
591 383
880 32
587 607
603 200
200 272
775 134
501 574
617 638
116 471
907 485
527 451
748 39
180 222
695 322
365 166
61 877
317 451
192 169
48 238
429 852
309 782
398 188
878 849
610 51
186 116
96 559
171 805
816 227
605 641
771 134
206 297
871 169
195 143
306 451
44 645
755 71
351 463
261 280
390 798
130 463
68 345
456 59
294 101
724 908
66 275
85 565
158 878
477 662
851 259
412 359
325 29
23 879
882 32
257 472
72 229
81 327
319 142
512 338
468 491
507 237
306 775
255 603
572 436
679 624
700 174
177 902
172 860
229 157
670 781
412 88
656 529
752 80
509 765
267 844
91 277
94 465
227 542
543 268
507 62
143 597
530 166
56 353
684 265
303 270
813 736
431 663
353 274
382 633
600 695
770 248
840 102
839 541
166 388
776 344
795 84
83 527
247 252
889 21
380 451
61 888
88 383
624 145
732 229
491 138
626 310
807 128
8 203
836 526
230 309
195 74
359 708
207 676
65 451
32 581
166 753
298 726
577 702
865 281
160 539
585 155
836 628
109 99
298 405
390 340
301 167
273 315
202 99
76 310
729 338
87 733
326 383
187 394
297 478
683 49
194 623
361 856
217 220
861 198
165 607
262 641
800 824
893 725
620 883
731 173
452 346
625 376
554 820
865 124
903 683
544 904
509 45
180 332
453 816
851 174
375 692
478 578
379 228
803 51
469 720
842 535
4 254
333 224
759 665
631 580
563 361
66 851
503 95
494 262
481 360
146 513
466 73
513 734
474 588
662 3
189 349
851 637
317 766
711 749
86 207
107 131
452 464
881 21
160 832
269 560
762 752
563 619
314 666
136 437
634 727
737 551
455 284
614 667
5 2
853 505
712 696
696 594
549 299
187 556
66 663
872 200
502 903
598 872
92 716
849 425
352 150
334 689
595 521
389 458
891 536
675 727
880 732
807 164
38 436
168 147
221 567
830 848
280 407
338 223
194 37
860 281
591 231
679 437
687 469
589 743
112 186
129 892
538 426
439 236
705 139
483 110
376 180
395 74
688 664
324 838
629 284
186 803
226 257
262 835
447 891
141 232
706 771
438 479
120 883
695 285
410 692
178 665
507 594
271 757
699 230
241 127
186 415
96 838
886 617
465 790
280 534
856 97
766 377
487 189
492 643
219 93
97 835
558 101
779 328
567 340
510 266
884 678
22 253
169 351
460 842
246 545
720 396
104 581
219 235
620 542
329 36
826 890
99 212
118 208
890 169
836 592
674 781
182 358
347 898
331 844
725 883
237 152
859 526
37 562
95 559
79 860
701 271
345 821
292 11
495 524
591 603
261 543
409 804
138 871
450 766
752 669
148 586
723 214
710 495
873 851
895 402
115 500
686 498
216 804
399 167
511 738
466 280
21 166
652 387
321 511
12 367
782 778
604 830
710 468
331 201
404 129
616 766
50 521
17 442
461 65
102 296
363 642
366 379
60 674
353 339
904 861
734 279
655 622
331 113
340 531
454 708
192 665
542 212
85 66
453 580
115 763
239 359
705 477
463 48
339 437
337 667
3 650
695 142
163 777
234 769
201 703
20 388
5 547
318 795
891 161
563 700
68 819
680 811
237 495
55 727
350 733
811 288
446 862
285 46
732 583
752 504
74 105
409 196
727 395
802 830
475 753
701 845
775 476
27 674
546 315
88 522
623 246
93 616
3 527
773 646
79 254
615 589
852 318
856 527
392 522
694 18
706 801
93 355
665 264
135 514
329 85
576 525
850 58
780 452
193 550
103 881
417 73
888 232
871 515
909 366
207 691
821 610
882 592
497 856
246 294
599 358
90 684
362 73
382 396
644 295
826 718
743 486
339 625
31 497
366 53
442 874
315 322
359 788
371 681
519 781
662 300
83 24
266 21
820 201
413 269
397 648
130 334
795 541
246 884
464 816
233 276
680 768
758 731
528 736
249 500
874 602
326 511
680 602
112 742
738 253
721 83
498 259
408 626
687 180
766 770
655 735
237 177
720 149
521 324
904 348
688 499
190 690
102 784
183 415
430 747
876 418
569 80
715 612
866 95
646 316
703 750
730 782
356 877
892 687
631 875
424 197
23 530
101 835
834 167
835 386
11 433
322 828
132 632
848 450
422 373
260 173
578 160
91 892
147 395
627 350
347 861
24 521
28 653
480 821
377 607
800 217
175 195
215 104
217 377
625 671
58 831
202 696
672 259
587 774
694 547
292 508
519 879
519 129
651 322
728 421
12 312
674 535
698 766
334 159
902 751
872 634
707 14
733 520
843 766
456 332
2 40
421 487
150 517
887 340
543 470
47 29
711 10
312 320
222 137
98 624
465 452
461 446
470 346
400 642
419 190
140 820
134 749
469 146
132 828
421 682
522 484
445 393
176 40
795 867
217 218
717 327
807 16
717 733
259 477
887 230
365 248
220 720
590 467
297 758
457 832
415 792
865 288
367 357
725 473
141 248
639 242
134 692
677 326
608 526
402 859
686 783
505 290
622 137
414 562
771 302
863 737
274 823
829 561
461 759
512 63
317 627
337 722
162 779
643 360
472 33
221 215
170 570
616 518
161 143
856 53
489 730
326 169
788 12
754 227
883 339
264 672
27 138
426 711
198 857
465 35
660 393
92 366
900 639
406 703
79 463
410 600
177 371
58 167
537 696
167 792
634 159
686 897
691 460
325 763
342 636
235 447
886 121
134 186
714 749
287 528
56 858
737 178
350 668
207 616
852 627
265 242
252 503
159 746
606 422
878 715
878 503
310 578
481 844
558 307
262 737
71 190
189 487
411 550
457 708
295 220
262 474
634 780
781 38
490 75
864 116
171 483
608 247
307 150
234 836
163 519
498 599
905 827
671 423
877 217
456 256
550 863
592 770
198 192
188 258
99 274
797 77
144 429
473 489
452 134
225 633
57 416
441 398
171 166
466 248
264 710
339 577
211 372
470 545
157 67
869 402
890 316
232 404
436 424
662 380
885 50
706 474
27 704
677 656
898 85
20 481
421 397
84 646
562 312
715 556
170 756
897 600
403 328
43 138
182 419
323 454
709 715
296 541
423 255
337 183
378 716
235 205
219 704
170 816
100 47
374 79
674 321
145 630
312 386
455 266
389 258
212 592
469 111
606 782
439 310
704 274
685 848
778 114
248 473
546 896
48 283
436 613
401 144
438 63
370 788
812 341
618 644
639 585
126 660
896 339
183 361
294 355
491 704
584 198
266 486
641 606
74 386
705 249
902 424
345 183
138 582
88 677
506 380
752 1
418 832
238 815
41 273
665 629
632 321
232 207
855 121
358 563
681 623
370 783
833 603
631 648
232 225
401 471
457 197
556 252
478 621
157 796
123 148
678 764
434 551
840 318
777 612
154 222
392 125
856 514
393 260
731 159
419 549
719 59
171 625
556 288
393 405
412 407
786 539
35 395
474 674
695 852
26 529
543 126
219 727
400 907
240 5
420 454
224 884
153 658
351 787
560 259
909 379
837 825
89 288
53 645
440 332
620 769
792 779
851 11
725 696
29 369
837 639
439 540
848 328
43 701
627 537
345 783
365 330
792 191
667 215
631 670
545 695
902 182
788 247
130 55
759 320
73 634
609 213
330 5
844 60
707 672
579 714
729 684
108 888
162 759
127 182
733 567
590 751
902 732
685 233
337 379
892 325
819 607
676 295
414 858
897 428
402 142
93 862
428 562
306 380
570 775
221 644
26 402
545 67
683 189
4 333
581 731
231 779
329 697
381 848
132 92
704 373
171 43
854 827
46 793
103 333
677 877
821 840
610 54
758 863
116 232
248 694
505 201
489 659
738 671
540 682
463 703
692 285
220 128
367 581
35 390
746 840
435 775
611 340
873 331
564 521
344 417
733 260
513 325
114 42
647 821
580 649
47 610
607 35
240 33
661 873
277 351
794 849
600 550
83 32
266 29
436 877
607 70
6 283
355 10
740 462
694 435
327 517
755 246
314 522
520 849
278 746
635 540
279 647
467 104
638 641
237 717
143 825
348 362
26 899
333 261
761 76
154 98
794 409
100 626
93 730
246 899
836 102
513 13
271 224
222 572
780 541
803 177
579 570
474 537
535 403
83 464
321 429
563 529
658 497
568 580
436 605
200 510
421 21
370 489
813 734
541 292
807 26
864 159
335 522
29 182
820 618
583 62
396 369
771 432
771 775
475 578
858 418
684 41
5 445
155 320
39 804
28 447
396 187
107 741
734 73
583 769
370 90
761 698
498 560
389 47
315 530
708 392
90 93
692 322
841 150
179 242
365 433
645 271
594 19
543 478
157 271
34 743
702 142
65 656
300 281
844 107
38 54
613 23
560 493
299 83
541 752
449 831
289 217
60 796
85 439
835 178
598 626
361 862
654 356
359 138
734 281
418 579
572 117
445 839
30 60
751 2
768 622
125 575
501 193
792 835
885 682
462 846
547 218
251 137
142 72
435 437
662 692
202 549
539 500
22 280
595 198
262 860
701 713
686 867
295 661
793 239
23 678
686 354
284 339
343 542
756 36
1 790
437 379
737 410
370 728
152 16
778 281
205 746
149 365
468 294
262 371
486 840
51 358
569 895
35 480
570 221
499 493
544 364
354 141
192 133
618 212
696 224
199 578
95 166
895 474
735 411
366 346
258 419
189 483
83 864
137 709
786 585
160 215
416 758
734 577
330 651
372 180
766 523
327 735
348 864
115 663
295 61
336 749
49 200
318 274
677 805
15 386
418 456
368 611
44 63
416 233
555 908
259 56
794 725
187 118
410 353
235 519
802 575
146 347
19 600
187 264
665 524
85 172
195 465
51 372
895 234
94 314
242 44
24 199
171 104
290 91
193 727
680 104
609 265
130 89
296 849
868 514
530 576
456 103
240 105
212 552
300 723
890 610
266 55
348 12
22 735
665 297
60 179
609 339
619 311
732 857
843 254
828 335
131 309
150 489
621 52
676 148
72 37
878 168
184 894
132 348
114 449
706 466
483 160
565 34
568 431
514 564
546 731
713 648
622 593
218 302
678 231
536 402
39 193
403 336
523 579
759 807
327 895
254 638
437 625
100 721
650 764
45 811
47 246
33 726
118 41
156 782
654 622
54 255
402 628
319 201
876 473
398 614
112 161
239 491
757 708
443 843
614 301
745 386
193 125
35 846
188 746
283 217
719 375
370 473
577 346
140 528
545 881
737 327
295 732
296 838
51 165
861 323
279 818
585 653
712 3
605 393
273 231
185 726
482 736
67 105
806 716
571 130
884 526
743 814
790 317
71 109
533 834
187 327
81 696
649 638
779 462
670 190
817 602
568 469
259 569
385 662
775 591
450 736
724 578
233 572
513 658
352 575
244 581
173 447
263 802
748 616
894 353
163 12
570 596
111 706
129 855
388 497
689 387
628 463
648 133
425 441
528 197
733 735
665 492
578 205
620 336
15 686
15 101
274 682
646 772
480 32
261 298
817 645
485 204
855 286
14 845
629 351
724 882
345 791
608 448
516 378
687 160
198 354
680 765
787 835
492 75
555 533
21 588
191 284
488 707
417 140
440 806
885 136
64 875
391 197
124 411
490 890
255 117
442 562
816 272
653 557
517 78
479 311
372 275
552 470
48 654
88 619
145 690
37 484
555 209
558 517
575 868
322 84
505 807
415 748
408 563
402 595
224 68
887 141
147 691
892 658
859 634
587 337
289 502
571 174
20 664
24 731
21 823
300 120
199 619
153 823
451 566
675 605
573 299
131 872
556 829
775 453
409 78
616 850
581 224
380 634
529 506
236 515
437 211
41 635
57 196
64 207
879 656
123 620
380 879
492 709
424 370
596 744
7 491
247 301
321 30
468 859
635 908
782 609
508 353
275 781
792 267
596 123
814 747
394 176
588 827
896 591
360 446
696 53
898 21
171 384
682 540
421 131
519 131
245 629
369 660
444 640
345 294
297 681
241 858
828 15
392 668
336 869
374 705
764 359
381 230
135 260
610 733
348 273
573 744
188 464
686 4
814 57
725 55
11 828
122 92
505 647
468 509
273 138
611 176
3 871
776 347
82 724
627 793
163 888
468 183
841 443
571 526
662 236
519 301
169 374
671 130
392 820
780 740
441 628
34 345
417 327
328 465
788 690
457 582
172 47
834 294
339 764
247 799
51 637
30 803
195 196
308 641
225 595
248 909
411 837
104 209
472 853
475 345
556 811
850 825
47 862
412 425
109 572
572 308
721 44
489 773
336 761
617 415
599 498
705 786
235 234
355 369
73 865
472 565
133 524
668 604
905 796
671 689
485 500
15 39
539 681
554 884
653 812
156 836
430 848
452 325
435 263
143 638
458 774
168 788
243 376
392 61
196 568
695 656
342 746
697 278
456 90
80 496
741 42
66 370
901 762
607 790
153 788
314 256
407 667
32 317
537 470
331 677
850 885
652 89
656 737
288 459
110 288
864 772
244 113
619 448
250 277
492 544
695 892
422 874
684 345
597 873
451 627
548 248
877 222
272 110
702 781
421 579
333 289
850 589
194 41
710 390
654 403
303 611
142 825
109 442
548 750
739 402
868 748
228 758
893 740
213 807
289 606
660 240
255 444
169 782
295 175
461 888
335 803
559 830
378 156
359 466
473 128
860 820
789 837
109 75
591 585
518 795
472 787
562 606
716 270
606 565
644 136
130 95
879 310
116 670
373 323
748 836
876 888
137 717
526 31
840 503
122 90
714 839
788 436
272 19
863 367
704 262
567 344
198 211
612 188
597 192
466 271
273 98
129 168
60 419
777 159
575 852
781 895
157 378
295 463
530 577
552 35
442 154
138 594
234 21
236 510
186 594
617 748
546 903
48 358
503 325
766 463
344 498
225 501
810 588
760 729
403 768
545 307
265 881
430 149
826 460
350 518
724 420
178 655
806 832
365 390
681 797
806 715
387 124
794 548
755 277
287 42
588 866
274 726
629 736
557 259
473 486
281 568
165 891
784 220
665 863
182 594
861 450
314 714
205 286
904 123
704 840
706 612
91 155
649 147
625 903
114 558
868 411
173 134
263 748
833 806
433 406
468 454
694 157
858 487
886 35
320 603
83 233
657 135
896 467
737 689
705 147
466 361
819 586
16 408
161 601
719 536
814 158
764 380
447 281
120 433
596 251
278 540
350 831
529 292
822 616
628 886
592 452
422 619
276 610
767 184
860 315
408 223
848 197
757 716
521 6
636 223
322 275
530 332
568 668
509 478
909 615
227 434
376 84
177 311
748 477
50 371
306 661
808 453
326 720
864 215
385 661
885 20
905 385
283 21
413 319
125 629
697 108
515 149
20 74
828 436
833 777
854 609
547 260
207 692
282 541
893 499
33 527
521 818
792 630
337 145
619 621
909 631
698 311
37 780
464 353
637 588
33 806
33 156
472 417
722 151
32 468
158 163
549 529
694 602
520 190
133 879
315 900
7 842
212 146
758 437
887 222
333 205
540 336
796 29
407 875
600 251
693 541
669 821
73 811
863 87
900 483
558 515
262 687
174 776
892 549
783 438
877 135
897 726
443 736
682 234
210 548
818 807
30 81
177 515
217 33
731 798
328 252
773 541
633 796
795 509
796 485
559 699
429 855
230 199
784 874
250 769
91 242
181 567
150 83
315 778
696 178
847 635
277 340
231 486
826 40
864 875
782 26
424 765
497 409
649 484
796 333
123 598
658 823
220 638
42 817
83 452
359 580
88 366
469 132
895 173
298 57
403 746
622 279
481 734
832 546
615 802
136 361
547 25
900 465
637 620
794 863
232 680
464 606
734 434
772 769
537 329
613 361
888 435
700 348
743 384
635 283
533 857
420 337
453 269
733 512
795 459
504 886
826 277
771 433
685 99
373 156
891 377
451 117
234 271
109 476
879 349
699 260
299 268
361 191
894 314
624 505
333 609
20 418
406 496
635 678
214 882
297 737
16 815
396 784
629 877
371 712
335 443
907 356
535 74
273 478
256 306
166 222
667 327
613 116
482 588
284 320
860 629
697 41
163 782
21 623
833 886
410 256
160 536
124 246
843 355
145 482
57 827
137 243
708 161
686 624
270 907
273 326
2 841
669 266
246 432
339 526
46 646
467 120
1 604
148 677
554 608
614 69
106 875
9 772
803 406
180 408
723 312
591 351
4 155
218 124
192 550
22 290
891 228
281 428
820 168
679 356
759 638
575 605
318 181
66 639
731 124
676 484
29 542
756 700
738 899
873 293
530 715
35 782
327 820
879 763
553 128
402 291
21 85
153 325
156 361
602 895
883 566
535 129
593 506
689 849
600 649
802 528
72 813
217 337
110 286
797 569
850 228
613 856
137 253
374 265
675 604
72 369
93 794
387 312
661 631
764 721
854 280
231 225
658 472
438 462
169 61
703 598
676 670
254 429
453 515
230 604
701 199
372 677
136 257
781 676
321 795
785 447
155 840
724 836
220 878
107 135
484 356
736 154
864 79
808 803
411 423
909 551
604 385
696 226
770 226
660 517
828 44
333 149
263 463
799 806
741 84
817 748
13 254
1 670
276 250
666 85
447 676
68 868
142 743
881 767
473 634
863 571
384 811
132 194
872 557
247 845
451 206
198 275
720 202
767 374
636 899
345 704
646 812
423 808
726 884
162 732
643 320
40 171
670 49
263 389
622 899
324 834
268 663
95 586
167 105
425 45
780 302
854 301
820 418
591 139
259 402
8 349
499 163
476 508
246 6
746 160
412 793
821 77
472 511
276 315
129 277
347 474
772 220
82 207
232 736
817 798
361 603
901 800
131 560
775 779
707 593
797 314
532 502
678 381
784 373
490 585
715 783
440 715
798 815
712 23
432 740
457 764
277 445
373 582
465 726
139 149
268 298
382 109
310 478
701 92
629 751
557 258
460 750
855 125
196 465
819 11
770 384
412 755
849 76
170 346
453 4
146 278
438 429
60 816
152 699
631 573
282 803
620 818
781 96
453 736
456 262
536 445
432 400
568 242
396 315
570 23
790 881
437 727
361 359
131 107
700 710
278 819
629 655
836 889
619 379
639 429
35 266
312 799
593 754
149 505
426 581
444 337
711 603
768 701
471 183
491 669
295 734
563 343
359 215
235 774
696 372
254 507
364 162
440 253
849 713
174 280
640 209
531 418
686 183
