2620.33981539
2733.42387539
2861.48245539
2958.53521539
3105.60362539
3219.64655539
3322.65574539
3409.68777539
3565.78888539
3728.85221539
3825.90497539
4011.98428539
4140.07924539
4243.08843539
4358.11537539
4473.14231539
4602.18490539
4765.24823539
4896.28872539
4967.32583539
5114.39424539
5229.42118539
5300.45829539
5397.51105539
5454.53251539
5601.60092539
5702.64860539
5803.69628539
5902.76469539
6030.85965539
6129.92806539
6266.98697539
6404.04588539
6501.09864539
6572.13575539
6685.21981539
6782.27257539
6885.28176539
6998.36582539
7101.37501539
7248.44342539
7347.51183539
7448.55951539
7549.60719539
7735.68650539
7848.77056539
7919.80767539
7990.84478539
8118.93974539
8205.97177539
8343.03068539
8458.05762539
8605.12603539
8676.16314539
8807.20363539
8993.28294539
9106.36700539
9219.45106539
9405.53037539
9552.59878539
9680.69374539
9809.73633539
9956.80474539
10043.8367754
10229.9160854
10376.9844954
10505.0430754
10608.0522654
10739.0927554
10796.1142154
10927.1547054
11040.2387654
11137.2915254
11224.3235554
11337.4076154
11450.4916754
11521.5287854
11649.6237454
11746.6765054
11849.6856954
11948.7541054
12095.8225154
12196.8701954
12297.9178754
12384.9499054
12485.9975854
12557.0346954
12686.0772854
12773.1093154
12936.1726454
13007.2097554
13122.2366954
